(kicad_pcb (version 20171130) (host pcbnew 5.1.5+dfsg1-2build2)

  (general
    (thickness 1.6)
    (drawings 24)
    (tracks 747)
    (zones 0)
    (modules 43)
    (nets 71)
  )

  (page A4)
  (title_block
    (title ALU)
    (date 2021-02-12)
    (rev 1)
    (comment 1 "Tec. Henrique Silva")
  )

  (layers
    (0 F.Cu signal)
    (31 B.Cu signal)
    (32 B.Adhes user)
    (33 F.Adhes user)
    (34 B.Paste user)
    (35 F.Paste user)
    (36 B.SilkS user)
    (37 F.SilkS user)
    (38 B.Mask user)
    (39 F.Mask user)
    (40 Dwgs.User user)
    (41 Cmts.User user)
    (42 Eco1.User user)
    (43 Eco2.User user)
    (44 Edge.Cuts user)
    (45 Margin user)
    (46 B.CrtYd user)
    (47 F.CrtYd user)
    (48 B.Fab user)
    (49 F.Fab user)
  )

  (setup
    (last_trace_width 0.25)
    (trace_clearance 0.25)
    (zone_clearance 0.508)
    (zone_45_only no)
    (trace_min 0.2)
    (via_size 0.8)
    (via_drill 0.4)
    (via_min_size 0.4)
    (via_min_drill 0.3)
    (uvia_size 0.3)
    (uvia_drill 0.1)
    (uvias_allowed no)
    (uvia_min_size 0.2)
    (uvia_min_drill 0.1)
    (edge_width 0.1)
    (segment_width 0.2)
    (pcb_text_width 0.3)
    (pcb_text_size 1.5 1.5)
    (mod_edge_width 0.15)
    (mod_text_size 1 1)
    (mod_text_width 0.15)
    (pad_size 1.524 1.524)
    (pad_drill 0.762)
    (pad_to_mask_clearance 0)
    (aux_axis_origin 0 0)
    (visible_elements FFFFFF7F)
    (pcbplotparams
      (layerselection 0x010fc_ffffffff)
      (usegerberextensions false)
      (usegerberattributes false)
      (usegerberadvancedattributes false)
      (creategerberjobfile false)
      (excludeedgelayer true)
      (linewidth 0.100000)
      (plotframeref false)
      (viasonmask false)
      (mode 1)
      (useauxorigin false)
      (hpglpennumber 1)
      (hpglpenspeed 20)
      (hpglpendiameter 15.000000)
      (psnegative false)
      (psa4output false)
      (plotreference true)
      (plotvalue true)
      (plotinvisibletext false)
      (padsonsilk false)
      (subtractmaskfromsilk false)
      (outputformat 1)
      (mirror false)
      (drillshape 1)
      (scaleselection 1)
      (outputdirectory ""))
  )

  (net 0 "")
  (net 1 +5V)
  (net 2 GND)
  (net 3 "Net-(D35-Pad1)")
  (net 4 alu_b7)
  (net 5 alu_b6)
  (net 6 "Net-(D36-Pad1)")
  (net 7 alu_b5)
  (net 8 "Net-(D37-Pad1)")
  (net 9 "Net-(D38-Pad1)")
  (net 10 alu_b4)
  (net 11 alu_b3)
  (net 12 "Net-(D39-Pad1)")
  (net 13 "Net-(D40-Pad1)")
  (net 14 alu_b2)
  (net 15 "Net-(D41-Pad1)")
  (net 16 alu_b1)
  (net 17 alu_b0)
  (net 18 "Net-(D42-Pad1)")
  (net 19 sum_b0)
  (net 20 sum_b1)
  (net 21 sum_b2)
  (net 22 sum_b3)
  (net 23 sum_b4)
  (net 24 sum_b5)
  (net 25 sum_b6)
  (net 26 sum_b7)
  (net 27 and_b7)
  (net 28 and_b6)
  (net 29 and_b5)
  (net 30 and_b4)
  (net 31 and_b3)
  (net 32 and_b2)
  (net 33 and_b1)
  (net 34 and_b0)
  (net 35 or_b0)
  (net 36 or_b1)
  (net 37 or_b2)
  (net 38 or_b3)
  (net 39 or_b4)
  (net 40 or_b5)
  (net 41 or_b6)
  (net 42 or_b7)
  (net 43 xor_not_b7)
  (net 44 xor_not_b6)
  (net 45 xor_not_b5)
  (net 46 xor_not_b4)
  (net 47 xor_not_b3)
  (net 48 xor_not_b2)
  (net 49 xor_not_b1)
  (net 50 xor_not_b0)
  (net 51 ALU_0)
  (net 52 ALU_1)
  (net 53 \ALU_OUT)
  (net 54 bus0)
  (net 55 bus1)
  (net 56 bus2)
  (net 57 bus3)
  (net 58 bus4)
  (net 59 bus5)
  (net 60 bus6)
  (net 61 bus7)
  (net 62 "Net-(JP34-Pad2)")
  (net 63 "Net-(JP35-Pad2)")
  (net 64 "Net-(JP36-Pad2)")
  (net 65 "Net-(JP37-Pad2)")
  (net 66 "Net-(JP38-Pad2)")
  (net 67 "Net-(JP39-Pad2)")
  (net 68 "Net-(JP40-Pad2)")
  (net 69 "Net-(JP41-Pad2)")
  (net 70 "Net-(JP42-Pad2)")

  (net_class Default "This is the default net class."
    (clearance 0.25)
    (trace_width 0.25)
    (via_dia 0.8)
    (via_drill 0.4)
    (uvia_dia 0.3)
    (uvia_drill 0.1)
    (add_net +5V)
    (add_net ALU_0)
    (add_net ALU_1)
    (add_net GND)
    (add_net "Net-(D35-Pad1)")
    (add_net "Net-(D36-Pad1)")
    (add_net "Net-(D37-Pad1)")
    (add_net "Net-(D38-Pad1)")
    (add_net "Net-(D39-Pad1)")
    (add_net "Net-(D40-Pad1)")
    (add_net "Net-(D41-Pad1)")
    (add_net "Net-(D42-Pad1)")
    (add_net "Net-(JP34-Pad2)")
    (add_net "Net-(JP35-Pad2)")
    (add_net "Net-(JP36-Pad2)")
    (add_net "Net-(JP37-Pad2)")
    (add_net "Net-(JP38-Pad2)")
    (add_net "Net-(JP39-Pad2)")
    (add_net "Net-(JP40-Pad2)")
    (add_net "Net-(JP41-Pad2)")
    (add_net "Net-(JP42-Pad2)")
    (add_net \ALU_OUT)
    (add_net alu_b0)
    (add_net alu_b1)
    (add_net alu_b2)
    (add_net alu_b3)
    (add_net alu_b4)
    (add_net alu_b5)
    (add_net alu_b6)
    (add_net alu_b7)
    (add_net and_b0)
    (add_net and_b1)
    (add_net and_b2)
    (add_net and_b3)
    (add_net and_b4)
    (add_net and_b5)
    (add_net and_b6)
    (add_net and_b7)
    (add_net bus0)
    (add_net bus1)
    (add_net bus2)
    (add_net bus3)
    (add_net bus4)
    (add_net bus5)
    (add_net bus6)
    (add_net bus7)
    (add_net or_b0)
    (add_net or_b1)
    (add_net or_b2)
    (add_net or_b3)
    (add_net or_b4)
    (add_net or_b5)
    (add_net or_b6)
    (add_net or_b7)
    (add_net sum_b0)
    (add_net sum_b1)
    (add_net sum_b2)
    (add_net sum_b3)
    (add_net sum_b4)
    (add_net sum_b5)
    (add_net sum_b6)
    (add_net sum_b7)
    (add_net xor_not_b0)
    (add_net xor_not_b1)
    (add_net xor_not_b2)
    (add_net xor_not_b3)
    (add_net xor_not_b4)
    (add_net xor_not_b5)
    (add_net xor_not_b6)
    (add_net xor_not_b7)
  )

  (module Capacitor_THT:C_Rect_L7.0mm_W2.5mm_P5.00mm (layer F.Cu) (tedit 5AE50EF0) (tstamp 60279157)
    (at 123.25 95.5 180)
    (descr "C, Rect series, Radial, pin pitch=5.00mm, , length*width=7*2.5mm^2, Capacitor")
    (tags "C Rect series Radial pin pitch 5.00mm  length 7mm width 2.5mm Capacitor")
    (path /60277E0A)
    (fp_text reference C27 (at 2.5 -2.5) (layer F.SilkS)
      (effects (font (size 1 1) (thickness 0.15)))
    )
    (fp_text value "100nF 63V" (at 2.5 2.5) (layer F.SilkS)
      (effects (font (size 1 1) (thickness 0.15)))
    )
    (fp_line (start -1 -1.25) (end -1 1.25) (layer F.Fab) (width 0.1))
    (fp_line (start -1 1.25) (end 6 1.25) (layer F.Fab) (width 0.1))
    (fp_line (start 6 1.25) (end 6 -1.25) (layer F.Fab) (width 0.1))
    (fp_line (start 6 -1.25) (end -1 -1.25) (layer F.Fab) (width 0.1))
    (fp_line (start -1.12 -1.37) (end 6.12 -1.37) (layer F.SilkS) (width 0.12))
    (fp_line (start -1.12 1.37) (end 6.12 1.37) (layer F.SilkS) (width 0.12))
    (fp_line (start -1.12 -1.37) (end -1.12 1.37) (layer F.SilkS) (width 0.12))
    (fp_line (start 6.12 -1.37) (end 6.12 1.37) (layer F.SilkS) (width 0.12))
    (fp_line (start -1.25 -1.5) (end -1.25 1.5) (layer F.CrtYd) (width 0.05))
    (fp_line (start -1.25 1.5) (end 6.25 1.5) (layer F.CrtYd) (width 0.05))
    (fp_line (start 6.25 1.5) (end 6.25 -1.5) (layer F.CrtYd) (width 0.05))
    (fp_line (start 6.25 -1.5) (end -1.25 -1.5) (layer F.CrtYd) (width 0.05))
    (fp_text user %R (at 2.5 0) (layer F.Fab)
      (effects (font (size 1 1) (thickness 0.15)))
    )
    (pad 1 thru_hole circle (at 0 0 180) (size 1.6 1.6) (drill 0.8) (layers *.Cu *.Mask)
      (net 1 +5V))
    (pad 2 thru_hole circle (at 5 0 180) (size 1.6 1.6) (drill 0.8) (layers *.Cu *.Mask)
      (net 2 GND))
    (model ${KISYS3DMOD}/Capacitor_THT.3dshapes/C_Rect_L7.0mm_W2.5mm_P5.00mm.wrl
      (at (xyz 0 0 0))
      (scale (xyz 1 1 1))
      (rotate (xyz 0 0 0))
    )
  )

  (module Capacitor_THT:C_Rect_L7.0mm_W2.5mm_P5.00mm (layer F.Cu) (tedit 5AE50EF0) (tstamp 60275E3C)
    (at 181.5 82.75 270)
    (descr "C, Rect series, Radial, pin pitch=5.00mm, , length*width=7*2.5mm^2, Capacitor")
    (tags "C Rect series Radial pin pitch 5.00mm  length 7mm width 2.5mm Capacitor")
    (path /6026A809)
    (fp_text reference C28 (at 2.5 -2.5 90) (layer F.SilkS)
      (effects (font (size 1 1) (thickness 0.15)))
    )
    (fp_text value "100nF 63V" (at 2.5 2.5 90) (layer F.SilkS)
      (effects (font (size 1 1) (thickness 0.15)))
    )
    (fp_line (start -1 -1.25) (end -1 1.25) (layer F.Fab) (width 0.1))
    (fp_line (start -1 1.25) (end 6 1.25) (layer F.Fab) (width 0.1))
    (fp_line (start 6 1.25) (end 6 -1.25) (layer F.Fab) (width 0.1))
    (fp_line (start 6 -1.25) (end -1 -1.25) (layer F.Fab) (width 0.1))
    (fp_line (start -1.12 -1.37) (end 6.12 -1.37) (layer F.SilkS) (width 0.12))
    (fp_line (start -1.12 1.37) (end 6.12 1.37) (layer F.SilkS) (width 0.12))
    (fp_line (start -1.12 -1.37) (end -1.12 1.37) (layer F.SilkS) (width 0.12))
    (fp_line (start 6.12 -1.37) (end 6.12 1.37) (layer F.SilkS) (width 0.12))
    (fp_line (start -1.25 -1.5) (end -1.25 1.5) (layer F.CrtYd) (width 0.05))
    (fp_line (start -1.25 1.5) (end 6.25 1.5) (layer F.CrtYd) (width 0.05))
    (fp_line (start 6.25 1.5) (end 6.25 -1.5) (layer F.CrtYd) (width 0.05))
    (fp_line (start 6.25 -1.5) (end -1.25 -1.5) (layer F.CrtYd) (width 0.05))
    (fp_text user %R (at 2.5 0 90) (layer F.Fab)
      (effects (font (size 1 1) (thickness 0.15)))
    )
    (pad 1 thru_hole circle (at 0 0 270) (size 1.6 1.6) (drill 0.8) (layers *.Cu *.Mask)
      (net 1 +5V))
    (pad 2 thru_hole circle (at 5 0 270) (size 1.6 1.6) (drill 0.8) (layers *.Cu *.Mask)
      (net 2 GND))
    (model ${KISYS3DMOD}/Capacitor_THT.3dshapes/C_Rect_L7.0mm_W2.5mm_P5.00mm.wrl
      (at (xyz 0 0 0))
      (scale (xyz 1 1 1))
      (rotate (xyz 0 0 0))
    )
  )

  (module Capacitor_THT:C_Rect_L7.0mm_W2.5mm_P5.00mm (layer F.Cu) (tedit 5AE50EF0) (tstamp 602795FD)
    (at 143 67.25)
    (descr "C, Rect series, Radial, pin pitch=5.00mm, , length*width=7*2.5mm^2, Capacitor")
    (tags "C Rect series Radial pin pitch 5.00mm  length 7mm width 2.5mm Capacitor")
    (path /60264FFC)
    (fp_text reference C29 (at 2.5 -2.5) (layer F.SilkS)
      (effects (font (size 1 1) (thickness 0.15)))
    )
    (fp_text value "100nF 63V" (at 5.2 2.35) (layer F.SilkS)
      (effects (font (size 1 1) (thickness 0.15)))
    )
    (fp_text user %R (at 2.5 0) (layer F.Fab)
      (effects (font (size 1 1) (thickness 0.15)))
    )
    (fp_line (start 6.25 -1.5) (end -1.25 -1.5) (layer F.CrtYd) (width 0.05))
    (fp_line (start 6.25 1.5) (end 6.25 -1.5) (layer F.CrtYd) (width 0.05))
    (fp_line (start -1.25 1.5) (end 6.25 1.5) (layer F.CrtYd) (width 0.05))
    (fp_line (start -1.25 -1.5) (end -1.25 1.5) (layer F.CrtYd) (width 0.05))
    (fp_line (start 6.12 -1.37) (end 6.12 1.37) (layer F.SilkS) (width 0.12))
    (fp_line (start -1.12 -1.37) (end -1.12 1.37) (layer F.SilkS) (width 0.12))
    (fp_line (start -1.12 1.37) (end 6.12 1.37) (layer F.SilkS) (width 0.12))
    (fp_line (start -1.12 -1.37) (end 6.12 -1.37) (layer F.SilkS) (width 0.12))
    (fp_line (start 6 -1.25) (end -1 -1.25) (layer F.Fab) (width 0.1))
    (fp_line (start 6 1.25) (end 6 -1.25) (layer F.Fab) (width 0.1))
    (fp_line (start -1 1.25) (end 6 1.25) (layer F.Fab) (width 0.1))
    (fp_line (start -1 -1.25) (end -1 1.25) (layer F.Fab) (width 0.1))
    (pad 2 thru_hole circle (at 5 0) (size 1.6 1.6) (drill 0.8) (layers *.Cu *.Mask)
      (net 2 GND))
    (pad 1 thru_hole circle (at 0 0) (size 1.6 1.6) (drill 0.8) (layers *.Cu *.Mask)
      (net 1 +5V))
    (model ${KISYS3DMOD}/Capacitor_THT.3dshapes/C_Rect_L7.0mm_W2.5mm_P5.00mm.wrl
      (at (xyz 0 0 0))
      (scale (xyz 1 1 1))
      (rotate (xyz 0 0 0))
    )
  )

  (module Capacitor_THT:C_Rect_L7.0mm_W2.5mm_P5.00mm (layer F.Cu) (tedit 5AE50EF0) (tstamp 602790B8)
    (at 160.5 95.5 180)
    (descr "C, Rect series, Radial, pin pitch=5.00mm, , length*width=7*2.5mm^2, Capacitor")
    (tags "C Rect series Radial pin pitch 5.00mm  length 7mm width 2.5mm Capacitor")
    (path /6026078B)
    (fp_text reference C30 (at 2.5 -2.5) (layer F.SilkS)
      (effects (font (size 1 1) (thickness 0.15)))
    )
    (fp_text value "100nF 63V" (at 2.5 2.5) (layer F.SilkS)
      (effects (font (size 1 1) (thickness 0.15)))
    )
    (fp_line (start -1 -1.25) (end -1 1.25) (layer F.Fab) (width 0.1))
    (fp_line (start -1 1.25) (end 6 1.25) (layer F.Fab) (width 0.1))
    (fp_line (start 6 1.25) (end 6 -1.25) (layer F.Fab) (width 0.1))
    (fp_line (start 6 -1.25) (end -1 -1.25) (layer F.Fab) (width 0.1))
    (fp_line (start -1.12 -1.37) (end 6.12 -1.37) (layer F.SilkS) (width 0.12))
    (fp_line (start -1.12 1.37) (end 6.12 1.37) (layer F.SilkS) (width 0.12))
    (fp_line (start -1.12 -1.37) (end -1.12 1.37) (layer F.SilkS) (width 0.12))
    (fp_line (start 6.12 -1.37) (end 6.12 1.37) (layer F.SilkS) (width 0.12))
    (fp_line (start -1.25 -1.5) (end -1.25 1.5) (layer F.CrtYd) (width 0.05))
    (fp_line (start -1.25 1.5) (end 6.25 1.5) (layer F.CrtYd) (width 0.05))
    (fp_line (start 6.25 1.5) (end 6.25 -1.5) (layer F.CrtYd) (width 0.05))
    (fp_line (start 6.25 -1.5) (end -1.25 -1.5) (layer F.CrtYd) (width 0.05))
    (fp_text user %R (at 2.5 0) (layer F.Fab)
      (effects (font (size 1 1) (thickness 0.15)))
    )
    (pad 1 thru_hole circle (at 0 0 180) (size 1.6 1.6) (drill 0.8) (layers *.Cu *.Mask)
      (net 1 +5V))
    (pad 2 thru_hole circle (at 5 0 180) (size 1.6 1.6) (drill 0.8) (layers *.Cu *.Mask)
      (net 2 GND))
    (model ${KISYS3DMOD}/Capacitor_THT.3dshapes/C_Rect_L7.0mm_W2.5mm_P5.00mm.wrl
      (at (xyz 0 0 0))
      (scale (xyz 1 1 1))
      (rotate (xyz 0 0 0))
    )
  )

  (module Capacitor_THT:C_Rect_L7.0mm_W2.5mm_P5.00mm (layer F.Cu) (tedit 5AE50EF0) (tstamp 602795C7)
    (at 123 67.25)
    (descr "C, Rect series, Radial, pin pitch=5.00mm, , length*width=7*2.5mm^2, Capacitor")
    (tags "C Rect series Radial pin pitch 5.00mm  length 7mm width 2.5mm Capacitor")
    (path /6025C34E)
    (fp_text reference C31 (at 2.5 -2.5) (layer F.SilkS)
      (effects (font (size 1 1) (thickness 0.15)))
    )
    (fp_text value "100nF 63V" (at 10.5 -0.65) (layer F.SilkS)
      (effects (font (size 1 1) (thickness 0.15)))
    )
    (fp_text user %R (at 2.5 0) (layer F.Fab)
      (effects (font (size 1 1) (thickness 0.15)))
    )
    (fp_line (start 6.25 -1.5) (end -1.25 -1.5) (layer F.CrtYd) (width 0.05))
    (fp_line (start 6.25 1.5) (end 6.25 -1.5) (layer F.CrtYd) (width 0.05))
    (fp_line (start -1.25 1.5) (end 6.25 1.5) (layer F.CrtYd) (width 0.05))
    (fp_line (start -1.25 -1.5) (end -1.25 1.5) (layer F.CrtYd) (width 0.05))
    (fp_line (start 6.12 -1.37) (end 6.12 1.37) (layer F.SilkS) (width 0.12))
    (fp_line (start -1.12 -1.37) (end -1.12 1.37) (layer F.SilkS) (width 0.12))
    (fp_line (start -1.12 1.37) (end 6.12 1.37) (layer F.SilkS) (width 0.12))
    (fp_line (start -1.12 -1.37) (end 6.12 -1.37) (layer F.SilkS) (width 0.12))
    (fp_line (start 6 -1.25) (end -1 -1.25) (layer F.Fab) (width 0.1))
    (fp_line (start 6 1.25) (end 6 -1.25) (layer F.Fab) (width 0.1))
    (fp_line (start -1 1.25) (end 6 1.25) (layer F.Fab) (width 0.1))
    (fp_line (start -1 -1.25) (end -1 1.25) (layer F.Fab) (width 0.1))
    (pad 2 thru_hole circle (at 5 0) (size 1.6 1.6) (drill 0.8) (layers *.Cu *.Mask)
      (net 2 GND))
    (pad 1 thru_hole circle (at 0 0) (size 1.6 1.6) (drill 0.8) (layers *.Cu *.Mask)
      (net 1 +5V))
    (model ${KISYS3DMOD}/Capacitor_THT.3dshapes/C_Rect_L7.0mm_W2.5mm_P5.00mm.wrl
      (at (xyz 0 0 0))
      (scale (xyz 1 1 1))
      (rotate (xyz 0 0 0))
    )
  )

  (module LED_THT:LED_D3.0mm (layer F.Cu) (tedit 587A3A7B) (tstamp 60275C35)
    (at 200.75 107.75 90)
    (descr "LED, diameter 3.0mm, 2 pins")
    (tags "LED diameter 3.0mm 2 pins")
    (path /626E8835)
    (fp_text reference D35 (at 1.27 -2.96 90) (layer F.SilkS) hide
      (effects (font (size 1 1) (thickness 0.15)))
    )
    (fp_text value alu_b7 (at 1.27 2.96 90) (layer F.SilkS)
      (effects (font (size 1 1) (thickness 0.15)))
    )
    (fp_arc (start 1.27 0) (end -0.23 -1.16619) (angle 284.3) (layer F.Fab) (width 0.1))
    (fp_arc (start 1.27 0) (end -0.29 -1.235516) (angle 108.8) (layer F.SilkS) (width 0.12))
    (fp_arc (start 1.27 0) (end -0.29 1.235516) (angle -108.8) (layer F.SilkS) (width 0.12))
    (fp_arc (start 1.27 0) (end 0.229039 -1.08) (angle 87.9) (layer F.SilkS) (width 0.12))
    (fp_arc (start 1.27 0) (end 0.229039 1.08) (angle -87.9) (layer F.SilkS) (width 0.12))
    (fp_circle (center 1.27 0) (end 2.77 0) (layer F.Fab) (width 0.1))
    (fp_line (start -0.23 -1.16619) (end -0.23 1.16619) (layer F.Fab) (width 0.1))
    (fp_line (start -0.29 -1.236) (end -0.29 -1.08) (layer F.SilkS) (width 0.12))
    (fp_line (start -0.29 1.08) (end -0.29 1.236) (layer F.SilkS) (width 0.12))
    (fp_line (start -1.15 -2.25) (end -1.15 2.25) (layer F.CrtYd) (width 0.05))
    (fp_line (start -1.15 2.25) (end 3.7 2.25) (layer F.CrtYd) (width 0.05))
    (fp_line (start 3.7 2.25) (end 3.7 -2.25) (layer F.CrtYd) (width 0.05))
    (fp_line (start 3.7 -2.25) (end -1.15 -2.25) (layer F.CrtYd) (width 0.05))
    (pad 1 thru_hole rect (at 0 0 90) (size 1.8 1.8) (drill 0.9) (layers *.Cu *.Mask)
      (net 3 "Net-(D35-Pad1)"))
    (pad 2 thru_hole circle (at 2.54 0 90) (size 1.8 1.8) (drill 0.9) (layers *.Cu *.Mask)
      (net 4 alu_b7))
    (model ${KISYS3DMOD}/LED_THT.3dshapes/LED_D3.0mm.wrl
      (at (xyz 0 0 0))
      (scale (xyz 1 1 1))
      (rotate (xyz 0 0 0))
    )
  )

  (module LED_THT:LED_D3.0mm (layer F.Cu) (tedit 587A3A7B) (tstamp 60275BBD)
    (at 200.75 102.75 90)
    (descr "LED, diameter 3.0mm, 2 pins")
    (tags "LED diameter 3.0mm 2 pins")
    (path /626E884B)
    (fp_text reference D36 (at 1.27 -2.96 90) (layer F.SilkS) hide
      (effects (font (size 1 1) (thickness 0.15)))
    )
    (fp_text value alu_b6 (at 1.27 2.96 90) (layer F.SilkS)
      (effects (font (size 1 1) (thickness 0.15)))
    )
    (fp_line (start 3.7 -2.25) (end -1.15 -2.25) (layer F.CrtYd) (width 0.05))
    (fp_line (start 3.7 2.25) (end 3.7 -2.25) (layer F.CrtYd) (width 0.05))
    (fp_line (start -1.15 2.25) (end 3.7 2.25) (layer F.CrtYd) (width 0.05))
    (fp_line (start -1.15 -2.25) (end -1.15 2.25) (layer F.CrtYd) (width 0.05))
    (fp_line (start -0.29 1.08) (end -0.29 1.236) (layer F.SilkS) (width 0.12))
    (fp_line (start -0.29 -1.236) (end -0.29 -1.08) (layer F.SilkS) (width 0.12))
    (fp_line (start -0.23 -1.16619) (end -0.23 1.16619) (layer F.Fab) (width 0.1))
    (fp_circle (center 1.27 0) (end 2.77 0) (layer F.Fab) (width 0.1))
    (fp_arc (start 1.27 0) (end 0.229039 1.08) (angle -87.9) (layer F.SilkS) (width 0.12))
    (fp_arc (start 1.27 0) (end 0.229039 -1.08) (angle 87.9) (layer F.SilkS) (width 0.12))
    (fp_arc (start 1.27 0) (end -0.29 1.235516) (angle -108.8) (layer F.SilkS) (width 0.12))
    (fp_arc (start 1.27 0) (end -0.29 -1.235516) (angle 108.8) (layer F.SilkS) (width 0.12))
    (fp_arc (start 1.27 0) (end -0.23 -1.16619) (angle 284.3) (layer F.Fab) (width 0.1))
    (pad 2 thru_hole circle (at 2.54 0 90) (size 1.8 1.8) (drill 0.9) (layers *.Cu *.Mask)
      (net 5 alu_b6))
    (pad 1 thru_hole rect (at 0 0 90) (size 1.8 1.8) (drill 0.9) (layers *.Cu *.Mask)
      (net 6 "Net-(D36-Pad1)"))
    (model ${KISYS3DMOD}/LED_THT.3dshapes/LED_D3.0mm.wrl
      (at (xyz 0 0 0))
      (scale (xyz 1 1 1))
      (rotate (xyz 0 0 0))
    )
  )

  (module LED_THT:LED_D3.0mm (layer F.Cu) (tedit 587A3A7B) (tstamp 602764A2)
    (at 200.75 97.75 90)
    (descr "LED, diameter 3.0mm, 2 pins")
    (tags "LED diameter 3.0mm 2 pins")
    (path /6271048B)
    (fp_text reference D37 (at 1.27 -2.96 90) (layer F.SilkS) hide
      (effects (font (size 1 1) (thickness 0.15)))
    )
    (fp_text value alu_b5 (at 1.27 2.96 90) (layer F.SilkS)
      (effects (font (size 1 1) (thickness 0.15)))
    )
    (fp_line (start 3.7 -2.25) (end -1.15 -2.25) (layer F.CrtYd) (width 0.05))
    (fp_line (start 3.7 2.25) (end 3.7 -2.25) (layer F.CrtYd) (width 0.05))
    (fp_line (start -1.15 2.25) (end 3.7 2.25) (layer F.CrtYd) (width 0.05))
    (fp_line (start -1.15 -2.25) (end -1.15 2.25) (layer F.CrtYd) (width 0.05))
    (fp_line (start -0.29 1.08) (end -0.29 1.236) (layer F.SilkS) (width 0.12))
    (fp_line (start -0.29 -1.236) (end -0.29 -1.08) (layer F.SilkS) (width 0.12))
    (fp_line (start -0.23 -1.16619) (end -0.23 1.16619) (layer F.Fab) (width 0.1))
    (fp_circle (center 1.27 0) (end 2.77 0) (layer F.Fab) (width 0.1))
    (fp_arc (start 1.27 0) (end 0.229039 1.08) (angle -87.9) (layer F.SilkS) (width 0.12))
    (fp_arc (start 1.27 0) (end 0.229039 -1.08) (angle 87.9) (layer F.SilkS) (width 0.12))
    (fp_arc (start 1.27 0) (end -0.29 1.235516) (angle -108.8) (layer F.SilkS) (width 0.12))
    (fp_arc (start 1.27 0) (end -0.29 -1.235516) (angle 108.8) (layer F.SilkS) (width 0.12))
    (fp_arc (start 1.27 0) (end -0.23 -1.16619) (angle 284.3) (layer F.Fab) (width 0.1))
    (pad 2 thru_hole circle (at 2.54 0 90) (size 1.8 1.8) (drill 0.9) (layers *.Cu *.Mask)
      (net 7 alu_b5))
    (pad 1 thru_hole rect (at 0 0 90) (size 1.8 1.8) (drill 0.9) (layers *.Cu *.Mask)
      (net 8 "Net-(D37-Pad1)"))
    (model ${KISYS3DMOD}/LED_THT.3dshapes/LED_D3.0mm.wrl
      (at (xyz 0 0 0))
      (scale (xyz 1 1 1))
      (rotate (xyz 0 0 0))
    )
  )

  (module LED_THT:LED_D3.0mm (layer F.Cu) (tedit 587A3A7B) (tstamp 60276D23)
    (at 200.75 92.75 90)
    (descr "LED, diameter 3.0mm, 2 pins")
    (tags "LED diameter 3.0mm 2 pins")
    (path /627104A1)
    (fp_text reference D38 (at 1.27 -2.96 90) (layer F.SilkS) hide
      (effects (font (size 1 1) (thickness 0.15)))
    )
    (fp_text value alu_b4 (at 1.27 2.96 90) (layer F.SilkS)
      (effects (font (size 1 1) (thickness 0.15)))
    )
    (fp_arc (start 1.27 0) (end -0.23 -1.16619) (angle 284.3) (layer F.Fab) (width 0.1))
    (fp_arc (start 1.27 0) (end -0.29 -1.235516) (angle 108.8) (layer F.SilkS) (width 0.12))
    (fp_arc (start 1.27 0) (end -0.29 1.235516) (angle -108.8) (layer F.SilkS) (width 0.12))
    (fp_arc (start 1.27 0) (end 0.229039 -1.08) (angle 87.9) (layer F.SilkS) (width 0.12))
    (fp_arc (start 1.27 0) (end 0.229039 1.08) (angle -87.9) (layer F.SilkS) (width 0.12))
    (fp_circle (center 1.27 0) (end 2.77 0) (layer F.Fab) (width 0.1))
    (fp_line (start -0.23 -1.16619) (end -0.23 1.16619) (layer F.Fab) (width 0.1))
    (fp_line (start -0.29 -1.236) (end -0.29 -1.08) (layer F.SilkS) (width 0.12))
    (fp_line (start -0.29 1.08) (end -0.29 1.236) (layer F.SilkS) (width 0.12))
    (fp_line (start -1.15 -2.25) (end -1.15 2.25) (layer F.CrtYd) (width 0.05))
    (fp_line (start -1.15 2.25) (end 3.7 2.25) (layer F.CrtYd) (width 0.05))
    (fp_line (start 3.7 2.25) (end 3.7 -2.25) (layer F.CrtYd) (width 0.05))
    (fp_line (start 3.7 -2.25) (end -1.15 -2.25) (layer F.CrtYd) (width 0.05))
    (pad 1 thru_hole rect (at 0 0 90) (size 1.8 1.8) (drill 0.9) (layers *.Cu *.Mask)
      (net 9 "Net-(D38-Pad1)"))
    (pad 2 thru_hole circle (at 2.54 0 90) (size 1.8 1.8) (drill 0.9) (layers *.Cu *.Mask)
      (net 10 alu_b4))
    (model ${KISYS3DMOD}/LED_THT.3dshapes/LED_D3.0mm.wrl
      (at (xyz 0 0 0))
      (scale (xyz 1 1 1))
      (rotate (xyz 0 0 0))
    )
  )

  (module LED_THT:LED_D3.0mm (layer F.Cu) (tedit 587A3A7B) (tstamp 60276316)
    (at 200.75 87.75 90)
    (descr "LED, diameter 3.0mm, 2 pins")
    (tags "LED diameter 3.0mm 2 pins")
    (path /627154F4)
    (fp_text reference D39 (at 1.27 -2.96 90) (layer F.SilkS) hide
      (effects (font (size 1 1) (thickness 0.15)))
    )
    (fp_text value alu_b3 (at 1.27 2.96 90) (layer F.SilkS)
      (effects (font (size 1 1) (thickness 0.15)))
    )
    (fp_line (start 3.7 -2.25) (end -1.15 -2.25) (layer F.CrtYd) (width 0.05))
    (fp_line (start 3.7 2.25) (end 3.7 -2.25) (layer F.CrtYd) (width 0.05))
    (fp_line (start -1.15 2.25) (end 3.7 2.25) (layer F.CrtYd) (width 0.05))
    (fp_line (start -1.15 -2.25) (end -1.15 2.25) (layer F.CrtYd) (width 0.05))
    (fp_line (start -0.29 1.08) (end -0.29 1.236) (layer F.SilkS) (width 0.12))
    (fp_line (start -0.29 -1.236) (end -0.29 -1.08) (layer F.SilkS) (width 0.12))
    (fp_line (start -0.23 -1.16619) (end -0.23 1.16619) (layer F.Fab) (width 0.1))
    (fp_circle (center 1.27 0) (end 2.77 0) (layer F.Fab) (width 0.1))
    (fp_arc (start 1.27 0) (end 0.229039 1.08) (angle -87.9) (layer F.SilkS) (width 0.12))
    (fp_arc (start 1.27 0) (end 0.229039 -1.08) (angle 87.9) (layer F.SilkS) (width 0.12))
    (fp_arc (start 1.27 0) (end -0.29 1.235516) (angle -108.8) (layer F.SilkS) (width 0.12))
    (fp_arc (start 1.27 0) (end -0.29 -1.235516) (angle 108.8) (layer F.SilkS) (width 0.12))
    (fp_arc (start 1.27 0) (end -0.23 -1.16619) (angle 284.3) (layer F.Fab) (width 0.1))
    (pad 2 thru_hole circle (at 2.54 0 90) (size 1.8 1.8) (drill 0.9) (layers *.Cu *.Mask)
      (net 11 alu_b3))
    (pad 1 thru_hole rect (at 0 0 90) (size 1.8 1.8) (drill 0.9) (layers *.Cu *.Mask)
      (net 12 "Net-(D39-Pad1)"))
    (model ${KISYS3DMOD}/LED_THT.3dshapes/LED_D3.0mm.wrl
      (at (xyz 0 0 0))
      (scale (xyz 1 1 1))
      (rotate (xyz 0 0 0))
    )
  )

  (module LED_THT:LED_D3.0mm (layer F.Cu) (tedit 587A3A7B) (tstamp 60276C91)
    (at 200.75 82.75 90)
    (descr "LED, diameter 3.0mm, 2 pins")
    (tags "LED diameter 3.0mm 2 pins")
    (path /6271550A)
    (fp_text reference D40 (at 1.27 -2.96 90) (layer F.SilkS) hide
      (effects (font (size 1 1) (thickness 0.15)))
    )
    (fp_text value alu_b2 (at 1.27 2.96 90) (layer F.SilkS)
      (effects (font (size 1 1) (thickness 0.15)))
    )
    (fp_arc (start 1.27 0) (end -0.23 -1.16619) (angle 284.3) (layer F.Fab) (width 0.1))
    (fp_arc (start 1.27 0) (end -0.29 -1.235516) (angle 108.8) (layer F.SilkS) (width 0.12))
    (fp_arc (start 1.27 0) (end -0.29 1.235516) (angle -108.8) (layer F.SilkS) (width 0.12))
    (fp_arc (start 1.27 0) (end 0.229039 -1.08) (angle 87.9) (layer F.SilkS) (width 0.12))
    (fp_arc (start 1.27 0) (end 0.229039 1.08) (angle -87.9) (layer F.SilkS) (width 0.12))
    (fp_circle (center 1.27 0) (end 2.77 0) (layer F.Fab) (width 0.1))
    (fp_line (start -0.23 -1.16619) (end -0.23 1.16619) (layer F.Fab) (width 0.1))
    (fp_line (start -0.29 -1.236) (end -0.29 -1.08) (layer F.SilkS) (width 0.12))
    (fp_line (start -0.29 1.08) (end -0.29 1.236) (layer F.SilkS) (width 0.12))
    (fp_line (start -1.15 -2.25) (end -1.15 2.25) (layer F.CrtYd) (width 0.05))
    (fp_line (start -1.15 2.25) (end 3.7 2.25) (layer F.CrtYd) (width 0.05))
    (fp_line (start 3.7 2.25) (end 3.7 -2.25) (layer F.CrtYd) (width 0.05))
    (fp_line (start 3.7 -2.25) (end -1.15 -2.25) (layer F.CrtYd) (width 0.05))
    (pad 1 thru_hole rect (at 0 0 90) (size 1.8 1.8) (drill 0.9) (layers *.Cu *.Mask)
      (net 13 "Net-(D40-Pad1)"))
    (pad 2 thru_hole circle (at 2.54 0 90) (size 1.8 1.8) (drill 0.9) (layers *.Cu *.Mask)
      (net 14 alu_b2))
    (model ${KISYS3DMOD}/LED_THT.3dshapes/LED_D3.0mm.wrl
      (at (xyz 0 0 0))
      (scale (xyz 1 1 1))
      (rotate (xyz 0 0 0))
    )
  )

  (module LED_THT:LED_D3.0mm (layer F.Cu) (tedit 587A3A7B) (tstamp 602762E0)
    (at 200.75 77.75 90)
    (descr "LED, diameter 3.0mm, 2 pins")
    (tags "LED diameter 3.0mm 2 pins")
    (path /6271A664)
    (fp_text reference D41 (at 1.27 -2.96 90) (layer F.SilkS) hide
      (effects (font (size 1 1) (thickness 0.15)))
    )
    (fp_text value alu_b1 (at 1.27 2.96 90) (layer F.SilkS)
      (effects (font (size 1 1) (thickness 0.15)))
    )
    (fp_arc (start 1.27 0) (end -0.23 -1.16619) (angle 284.3) (layer F.Fab) (width 0.1))
    (fp_arc (start 1.27 0) (end -0.29 -1.235516) (angle 108.8) (layer F.SilkS) (width 0.12))
    (fp_arc (start 1.27 0) (end -0.29 1.235516) (angle -108.8) (layer F.SilkS) (width 0.12))
    (fp_arc (start 1.27 0) (end 0.229039 -1.08) (angle 87.9) (layer F.SilkS) (width 0.12))
    (fp_arc (start 1.27 0) (end 0.229039 1.08) (angle -87.9) (layer F.SilkS) (width 0.12))
    (fp_circle (center 1.27 0) (end 2.77 0) (layer F.Fab) (width 0.1))
    (fp_line (start -0.23 -1.16619) (end -0.23 1.16619) (layer F.Fab) (width 0.1))
    (fp_line (start -0.29 -1.236) (end -0.29 -1.08) (layer F.SilkS) (width 0.12))
    (fp_line (start -0.29 1.08) (end -0.29 1.236) (layer F.SilkS) (width 0.12))
    (fp_line (start -1.15 -2.25) (end -1.15 2.25) (layer F.CrtYd) (width 0.05))
    (fp_line (start -1.15 2.25) (end 3.7 2.25) (layer F.CrtYd) (width 0.05))
    (fp_line (start 3.7 2.25) (end 3.7 -2.25) (layer F.CrtYd) (width 0.05))
    (fp_line (start 3.7 -2.25) (end -1.15 -2.25) (layer F.CrtYd) (width 0.05))
    (pad 1 thru_hole rect (at 0 0 90) (size 1.8 1.8) (drill 0.9) (layers *.Cu *.Mask)
      (net 15 "Net-(D41-Pad1)"))
    (pad 2 thru_hole circle (at 2.54 0 90) (size 1.8 1.8) (drill 0.9) (layers *.Cu *.Mask)
      (net 16 alu_b1))
    (model ${KISYS3DMOD}/LED_THT.3dshapes/LED_D3.0mm.wrl
      (at (xyz 0 0 0))
      (scale (xyz 1 1 1))
      (rotate (xyz 0 0 0))
    )
  )

  (module LED_THT:LED_D3.0mm (layer F.Cu) (tedit 587A3A7B) (tstamp 60276DC7)
    (at 200.75 72.75 90)
    (descr "LED, diameter 3.0mm, 2 pins")
    (tags "LED diameter 3.0mm 2 pins")
    (path /6271A67A)
    (fp_text reference D42 (at 1.27 -2.96 90) (layer F.SilkS) hide
      (effects (font (size 1 1) (thickness 0.15)))
    )
    (fp_text value alu_b0 (at 1.27 2.96 90) (layer F.SilkS)
      (effects (font (size 1 1) (thickness 0.15)))
    )
    (fp_line (start 3.7 -2.25) (end -1.15 -2.25) (layer F.CrtYd) (width 0.05))
    (fp_line (start 3.7 2.25) (end 3.7 -2.25) (layer F.CrtYd) (width 0.05))
    (fp_line (start -1.15 2.25) (end 3.7 2.25) (layer F.CrtYd) (width 0.05))
    (fp_line (start -1.15 -2.25) (end -1.15 2.25) (layer F.CrtYd) (width 0.05))
    (fp_line (start -0.29 1.08) (end -0.29 1.236) (layer F.SilkS) (width 0.12))
    (fp_line (start -0.29 -1.236) (end -0.29 -1.08) (layer F.SilkS) (width 0.12))
    (fp_line (start -0.23 -1.16619) (end -0.23 1.16619) (layer F.Fab) (width 0.1))
    (fp_circle (center 1.27 0) (end 2.77 0) (layer F.Fab) (width 0.1))
    (fp_arc (start 1.27 0) (end 0.229039 1.08) (angle -87.9) (layer F.SilkS) (width 0.12))
    (fp_arc (start 1.27 0) (end 0.229039 -1.08) (angle 87.9) (layer F.SilkS) (width 0.12))
    (fp_arc (start 1.27 0) (end -0.29 1.235516) (angle -108.8) (layer F.SilkS) (width 0.12))
    (fp_arc (start 1.27 0) (end -0.29 -1.235516) (angle 108.8) (layer F.SilkS) (width 0.12))
    (fp_arc (start 1.27 0) (end -0.23 -1.16619) (angle 284.3) (layer F.Fab) (width 0.1))
    (pad 2 thru_hole circle (at 2.54 0 90) (size 1.8 1.8) (drill 0.9) (layers *.Cu *.Mask)
      (net 17 alu_b0))
    (pad 1 thru_hole rect (at 0 0 90) (size 1.8 1.8) (drill 0.9) (layers *.Cu *.Mask)
      (net 18 "Net-(D42-Pad1)"))
    (model ${KISYS3DMOD}/LED_THT.3dshapes/LED_D3.0mm.wrl
      (at (xyz 0 0 0))
      (scale (xyz 1 1 1))
      (rotate (xyz 0 0 0))
    )
  )

  (module Connector_PinSocket_2.00mm:PinSocket_1x09_P2.00mm_Vertical (layer F.Cu) (tedit 5A19A42B) (tstamp 60276458)
    (at 177.75 67 270)
    (descr "Through hole straight socket strip, 1x09, 2.00mm pitch, single row (from Kicad 4.0.7), script generated")
    (tags "Through hole socket strip THT 1x09 2.00mm single row")
    (path /60B6A1A5)
    (fp_text reference J29 (at 0 -2.5 90) (layer F.SilkS)
      (effects (font (size 1 1) (thickness 0.15)))
    )
    (fp_text value ALU_B[7...0] (at 2.2 7.25 180) (layer F.SilkS)
      (effects (font (size 1 1) (thickness 0.15)))
    )
    (fp_text user %R (at 0 8) (layer F.Fab)
      (effects (font (size 1 1) (thickness 0.15)))
    )
    (fp_line (start -1.5 17.5) (end -1.5 -1.5) (layer F.CrtYd) (width 0.05))
    (fp_line (start 1.5 17.5) (end -1.5 17.5) (layer F.CrtYd) (width 0.05))
    (fp_line (start 1.5 -1.5) (end 1.5 17.5) (layer F.CrtYd) (width 0.05))
    (fp_line (start -1.5 -1.5) (end 1.5 -1.5) (layer F.CrtYd) (width 0.05))
    (fp_line (start 0 -1.06) (end 1.06 -1.06) (layer F.SilkS) (width 0.12))
    (fp_line (start 1.06 -1.06) (end 1.06 0) (layer F.SilkS) (width 0.12))
    (fp_line (start 1.06 1) (end 1.06 17.06) (layer F.SilkS) (width 0.12))
    (fp_line (start -1.06 17.06) (end 1.06 17.06) (layer F.SilkS) (width 0.12))
    (fp_line (start -1.06 1) (end -1.06 17.06) (layer F.SilkS) (width 0.12))
    (fp_line (start -1.06 1) (end 1.06 1) (layer F.SilkS) (width 0.12))
    (fp_line (start -1 17) (end -1 -1) (layer F.Fab) (width 0.1))
    (fp_line (start 1 17) (end -1 17) (layer F.Fab) (width 0.1))
    (fp_line (start 1 -0.5) (end 1 17) (layer F.Fab) (width 0.1))
    (fp_line (start 0.5 -1) (end 1 -0.5) (layer F.Fab) (width 0.1))
    (fp_line (start -1 -1) (end 0.5 -1) (layer F.Fab) (width 0.1))
    (pad 9 thru_hole oval (at 0 16 270) (size 1.35 1.35) (drill 0.8) (layers *.Cu *.Mask)
      (net 4 alu_b7))
    (pad 8 thru_hole oval (at 0 14 270) (size 1.35 1.35) (drill 0.8) (layers *.Cu *.Mask)
      (net 5 alu_b6))
    (pad 7 thru_hole oval (at 0 12 270) (size 1.35 1.35) (drill 0.8) (layers *.Cu *.Mask)
      (net 7 alu_b5))
    (pad 6 thru_hole oval (at 0 10 270) (size 1.35 1.35) (drill 0.8) (layers *.Cu *.Mask)
      (net 10 alu_b4))
    (pad 5 thru_hole oval (at 0 8 270) (size 1.35 1.35) (drill 0.8) (layers *.Cu *.Mask)
      (net 11 alu_b3))
    (pad 4 thru_hole oval (at 0 6 270) (size 1.35 1.35) (drill 0.8) (layers *.Cu *.Mask)
      (net 14 alu_b2))
    (pad 3 thru_hole oval (at 0 4 270) (size 1.35 1.35) (drill 0.8) (layers *.Cu *.Mask)
      (net 16 alu_b1))
    (pad 2 thru_hole oval (at 0 2 270) (size 1.35 1.35) (drill 0.8) (layers *.Cu *.Mask)
      (net 17 alu_b0))
    (pad 1 thru_hole rect (at 0 0 270) (size 1.35 1.35) (drill 0.8) (layers *.Cu *.Mask)
      (net 2 GND))
    (model ${KISYS3DMOD}/Connector_PinSocket_2.00mm.3dshapes/PinSocket_1x09_P2.00mm_Vertical.wrl
      (at (xyz 0 0 0))
      (scale (xyz 1 1 1))
      (rotate (xyz 0 0 0))
    )
  )

  (module Connector_PinSocket_2.00mm:PinSocket_1x09_P2.00mm_Vertical (layer F.Cu) (tedit 5A19A42B) (tstamp 60275F36)
    (at 131.25 111 90)
    (descr "Through hole straight socket strip, 1x09, 2.00mm pitch, single row (from Kicad 4.0.7), script generated")
    (tags "Through hole socket strip THT 1x09 2.00mm single row")
    (path /60CBC90D)
    (fp_text reference J30 (at 0 -2.5 90) (layer F.SilkS)
      (effects (font (size 1 1) (thickness 0.15)))
    )
    (fp_text value SUM_B[7...0] (at -2.1 7.85 180) (layer F.SilkS)
      (effects (font (size 1 1) (thickness 0.15)))
    )
    (fp_line (start -1 -1) (end 0.5 -1) (layer F.Fab) (width 0.1))
    (fp_line (start 0.5 -1) (end 1 -0.5) (layer F.Fab) (width 0.1))
    (fp_line (start 1 -0.5) (end 1 17) (layer F.Fab) (width 0.1))
    (fp_line (start 1 17) (end -1 17) (layer F.Fab) (width 0.1))
    (fp_line (start -1 17) (end -1 -1) (layer F.Fab) (width 0.1))
    (fp_line (start -1.06 1) (end 1.06 1) (layer F.SilkS) (width 0.12))
    (fp_line (start -1.06 1) (end -1.06 17.06) (layer F.SilkS) (width 0.12))
    (fp_line (start -1.06 17.06) (end 1.06 17.06) (layer F.SilkS) (width 0.12))
    (fp_line (start 1.06 1) (end 1.06 17.06) (layer F.SilkS) (width 0.12))
    (fp_line (start 1.06 -1.06) (end 1.06 0) (layer F.SilkS) (width 0.12))
    (fp_line (start 0 -1.06) (end 1.06 -1.06) (layer F.SilkS) (width 0.12))
    (fp_line (start -1.5 -1.5) (end 1.5 -1.5) (layer F.CrtYd) (width 0.05))
    (fp_line (start 1.5 -1.5) (end 1.5 17.5) (layer F.CrtYd) (width 0.05))
    (fp_line (start 1.5 17.5) (end -1.5 17.5) (layer F.CrtYd) (width 0.05))
    (fp_line (start -1.5 17.5) (end -1.5 -1.5) (layer F.CrtYd) (width 0.05))
    (fp_text user %R (at 0 8) (layer F.Fab)
      (effects (font (size 1 1) (thickness 0.15)))
    )
    (pad 1 thru_hole rect (at 0 0 90) (size 1.35 1.35) (drill 0.8) (layers *.Cu *.Mask)
      (net 2 GND))
    (pad 2 thru_hole oval (at 0 2 90) (size 1.35 1.35) (drill 0.8) (layers *.Cu *.Mask)
      (net 19 sum_b0))
    (pad 3 thru_hole oval (at 0 4 90) (size 1.35 1.35) (drill 0.8) (layers *.Cu *.Mask)
      (net 20 sum_b1))
    (pad 4 thru_hole oval (at 0 6 90) (size 1.35 1.35) (drill 0.8) (layers *.Cu *.Mask)
      (net 21 sum_b2))
    (pad 5 thru_hole oval (at 0 8 90) (size 1.35 1.35) (drill 0.8) (layers *.Cu *.Mask)
      (net 22 sum_b3))
    (pad 6 thru_hole oval (at 0 10 90) (size 1.35 1.35) (drill 0.8) (layers *.Cu *.Mask)
      (net 23 sum_b4))
    (pad 7 thru_hole oval (at 0 12 90) (size 1.35 1.35) (drill 0.8) (layers *.Cu *.Mask)
      (net 24 sum_b5))
    (pad 8 thru_hole oval (at 0 14 90) (size 1.35 1.35) (drill 0.8) (layers *.Cu *.Mask)
      (net 25 sum_b6))
    (pad 9 thru_hole oval (at 0 16 90) (size 1.35 1.35) (drill 0.8) (layers *.Cu *.Mask)
      (net 26 sum_b7))
    (model ${KISYS3DMOD}/Connector_PinSocket_2.00mm.3dshapes/PinSocket_1x09_P2.00mm_Vertical.wrl
      (at (xyz 0 0 0))
      (scale (xyz 1 1 1))
      (rotate (xyz 0 0 0))
    )
  )

  (module Connector_PinSocket_2.00mm:PinSocket_1x09_P2.00mm_Vertical (layer F.Cu) (tedit 5A19A42B) (tstamp 6027622D)
    (at 112.25 111 90)
    (descr "Through hole straight socket strip, 1x09, 2.00mm pitch, single row (from Kicad 4.0.7), script generated")
    (tags "Through hole socket strip THT 1x09 2.00mm single row")
    (path /60CEF2A9)
    (fp_text reference J31 (at 0 -2.5 90) (layer F.SilkS)
      (effects (font (size 1 1) (thickness 0.15)))
    )
    (fp_text value AND_B[7...0] (at -2.1 8.05 180) (layer F.SilkS)
      (effects (font (size 1 1) (thickness 0.15)))
    )
    (fp_text user %R (at 0 8) (layer F.Fab)
      (effects (font (size 1 1) (thickness 0.15)))
    )
    (fp_line (start -1.5 17.5) (end -1.5 -1.5) (layer F.CrtYd) (width 0.05))
    (fp_line (start 1.5 17.5) (end -1.5 17.5) (layer F.CrtYd) (width 0.05))
    (fp_line (start 1.5 -1.5) (end 1.5 17.5) (layer F.CrtYd) (width 0.05))
    (fp_line (start -1.5 -1.5) (end 1.5 -1.5) (layer F.CrtYd) (width 0.05))
    (fp_line (start 0 -1.06) (end 1.06 -1.06) (layer F.SilkS) (width 0.12))
    (fp_line (start 1.06 -1.06) (end 1.06 0) (layer F.SilkS) (width 0.12))
    (fp_line (start 1.06 1) (end 1.06 17.06) (layer F.SilkS) (width 0.12))
    (fp_line (start -1.06 17.06) (end 1.06 17.06) (layer F.SilkS) (width 0.12))
    (fp_line (start -1.06 1) (end -1.06 17.06) (layer F.SilkS) (width 0.12))
    (fp_line (start -1.06 1) (end 1.06 1) (layer F.SilkS) (width 0.12))
    (fp_line (start -1 17) (end -1 -1) (layer F.Fab) (width 0.1))
    (fp_line (start 1 17) (end -1 17) (layer F.Fab) (width 0.1))
    (fp_line (start 1 -0.5) (end 1 17) (layer F.Fab) (width 0.1))
    (fp_line (start 0.5 -1) (end 1 -0.5) (layer F.Fab) (width 0.1))
    (fp_line (start -1 -1) (end 0.5 -1) (layer F.Fab) (width 0.1))
    (pad 9 thru_hole oval (at 0 16 90) (size 1.35 1.35) (drill 0.8) (layers *.Cu *.Mask)
      (net 27 and_b7))
    (pad 8 thru_hole oval (at 0 14 90) (size 1.35 1.35) (drill 0.8) (layers *.Cu *.Mask)
      (net 28 and_b6))
    (pad 7 thru_hole oval (at 0 12 90) (size 1.35 1.35) (drill 0.8) (layers *.Cu *.Mask)
      (net 29 and_b5))
    (pad 6 thru_hole oval (at 0 10 90) (size 1.35 1.35) (drill 0.8) (layers *.Cu *.Mask)
      (net 30 and_b4))
    (pad 5 thru_hole oval (at 0 8 90) (size 1.35 1.35) (drill 0.8) (layers *.Cu *.Mask)
      (net 31 and_b3))
    (pad 4 thru_hole oval (at 0 6 90) (size 1.35 1.35) (drill 0.8) (layers *.Cu *.Mask)
      (net 32 and_b2))
    (pad 3 thru_hole oval (at 0 4 90) (size 1.35 1.35) (drill 0.8) (layers *.Cu *.Mask)
      (net 33 and_b1))
    (pad 2 thru_hole oval (at 0 2 90) (size 1.35 1.35) (drill 0.8) (layers *.Cu *.Mask)
      (net 34 and_b0))
    (pad 1 thru_hole rect (at 0 0 90) (size 1.35 1.35) (drill 0.8) (layers *.Cu *.Mask)
      (net 2 GND))
    (model ${KISYS3DMOD}/Connector_PinSocket_2.00mm.3dshapes/PinSocket_1x09_P2.00mm_Vertical.wrl
      (at (xyz 0 0 0))
      (scale (xyz 1 1 1))
      (rotate (xyz 0 0 0))
    )
  )

  (module Connector_PinSocket_2.00mm:PinSocket_1x09_P2.00mm_Vertical (layer F.Cu) (tedit 5A19A42B) (tstamp 60276698)
    (at 108 90.5)
    (descr "Through hole straight socket strip, 1x09, 2.00mm pitch, single row (from Kicad 4.0.7), script generated")
    (tags "Through hole socket strip THT 1x09 2.00mm single row")
    (path /61099DDF)
    (fp_text reference J32 (at 0 -2.5) (layer F.SilkS)
      (effects (font (size 1 1) (thickness 0.15)))
    )
    (fp_text value OR_B[7...0] (at -2.1 8.4 270) (layer F.SilkS)
      (effects (font (size 1 1) (thickness 0.15)))
    )
    (fp_line (start -1 -1) (end 0.5 -1) (layer F.Fab) (width 0.1))
    (fp_line (start 0.5 -1) (end 1 -0.5) (layer F.Fab) (width 0.1))
