(kicad_pcb (version 20171130) (host pcbnew 5.1.5+dfsg1-2build2)

  (general
    (thickness 1.6)
    (drawings 26)
    (tracks 554)
    (zones 0)
    (modules 41)
    (nets 57)
  )

  (page A4)
  (title_block
    (title RAM)
    (date 2021-01-26)
    (rev 2)
    (comment 1 "Tac. Henrique Silva")
  )

  (layers
    (0 F.Cu signal)
    (31 B.Cu signal)
    (32 B.Adhes user)
    (33 F.Adhes user)
    (34 B.Paste user)
    (35 F.Paste user)
    (36 B.SilkS user)
    (37 F.SilkS user)
    (38 B.Mask user)
    (39 F.Mask user)
    (40 Dwgs.User user)
    (41 Cmts.User user)
    (42 Eco1.User user)
    (43 Eco2.User user)
    (44 Edge.Cuts user)
    (45 Margin user)
    (46 B.CrtYd user)
    (47 F.CrtYd user)
    (48 B.Fab user)
    (49 F.Fab user)
  )

  (setup
    (last_trace_width 0.25)
    (trace_clearance 0.2)
    (zone_clearance 0.508)
    (zone_45_only no)
    (trace_min 0.2)
    (via_size 0.8)
    (via_drill 0.4)
    (via_min_size 0.4)
    (via_min_drill 0.3)
    (uvia_size 0.3)
    (uvia_drill 0.1)
    (uvias_allowed no)
    (uvia_min_size 0.2)
    (uvia_min_drill 0.1)
    (edge_width 0.1)
    (segment_width 0.2)
    (pcb_text_width 0.3)
    (pcb_text_size 1.5 1.5)
    (mod_edge_width 0.15)
    (mod_text_size 1 1)
    (mod_text_width 0.15)
    (pad_size 1.524 1.524)
    (pad_drill 0.762)
    (pad_to_mask_clearance 0)
    (aux_axis_origin 0 0)
    (visible_elements FFFFFF7F)
    (pcbplotparams
      (layerselection 0x010fc_ffffffff)
      (usegerberextensions false)
      (usegerberattributes false)
      (usegerberadvancedattributes false)
      (creategerberjobfile false)
      (excludeedgelayer true)
      (linewidth 0.100000)
      (plotframeref false)
      (viasonmask false)
      (mode 1)
      (useauxorigin false)
      (hpglpennumber 1)
      (hpglpenspeed 20)
      (hpglpendiameter 15.000000)
      (psnegative false)
      (psa4output false)
      (plotreference true)
      (plotvalue true)
      (plotinvisibletext false)
      (padsonsilk false)
      (subtractmaskfromsilk false)
      (outputformat 1)
      (mirror false)
      (drillshape 1)
      (scaleselection 1)
      (outputdirectory ""))
  )

  (net 0 "")
  (net 1 +5V)
  (net 2 GND)
  (net 3 /ram_out7)
  (net 4 "Net-(D11-Pad1)")
  (net 5 "Net-(D12-Pad1)")
  (net 6 /ram_out6)
  (net 7 /ram_out5)
  (net 8 "Net-(D13-Pad1)")
  (net 9 "Net-(D14-Pad1)")
  (net 10 /ram_out4)
  (net 11 "Net-(D15-Pad1)")
  (net 12 /ram_out3)
  (net 13 /ram_out2)
  (net 14 "Net-(D16-Pad1)")
  (net 15 "Net-(D17-Pad1)")
  (net 16 /ram_out1)
  (net 17 /ram_out0)
  (net 18 "Net-(D18-Pad1)")
  (net 19 \WE)
  (net 20 \RAM_OUT)
  (net 21 bus0)
  (net 22 bus1)
  (net 23 bus2)
  (net 24 bus3)
  (net 25 bus4)
  (net 26 bus5)
  (net 27 bus6)
  (net 28 bus7)
  (net 29 addr_0)
  (net 30 addr_1)
  (net 31 addr_2)
  (net 32 addr_3)
  (net 33 ram_in7)
  (net 34 ram_in6)
  (net 35 ram_in5)
  (net 36 ram_in4)
  (net 37 ram_in3)
  (net 38 ram_in2)
  (net 39 ram_in1)
  (net 40 ram_in0)
  (net 41 /\ram_out7)
  (net 42 /\ram_out6)
  (net 43 /\ram_out5)
  (net 44 /\ram_out4)
  (net 45 /\ram_out3)
  (net 46 /\ram_out2)
  (net 47 /\ram_out1)
  (net 48 /\ram_out0)
  (net 49 "Net-(TP18-Pad1)")
  (net 50 "Net-(TP19-Pad1)")
  (net 51 "Net-(TP20-Pad1)")
  (net 52 "Net-(TP21-Pad1)")
  (net 53 "Net-(TP22-Pad1)")
  (net 54 "Net-(TP23-Pad1)")
  (net 55 "Net-(TP24-Pad1)")
  (net 56 "Net-(TP25-Pad1)")

  (net_class Default "This is the default net class."
    (clearance 0.2)
    (trace_width 0.25)
    (via_dia 0.8)
    (via_drill 0.4)
    (uvia_dia 0.3)
    (uvia_drill 0.1)
    (add_net +5V)
    (add_net /\ram_out0)
    (add_net /\ram_out1)
    (add_net /\ram_out2)
    (add_net /\ram_out3)
    (add_net /\ram_out4)
    (add_net /\ram_out5)
    (add_net /\ram_out6)
    (add_net /\ram_out7)
    (add_net /ram_out0)
    (add_net /ram_out1)
    (add_net /ram_out2)
    (add_net /ram_out3)
    (add_net /ram_out4)
    (add_net /ram_out5)
    (add_net /ram_out6)
    (add_net /ram_out7)
    (add_net GND)
    (add_net "Net-(D11-Pad1)")
    (add_net "Net-(D12-Pad1)")
    (add_net "Net-(D13-Pad1)")
    (add_net "Net-(D14-Pad1)")
    (add_net "Net-(D15-Pad1)")
    (add_net "Net-(D16-Pad1)")
    (add_net "Net-(D17-Pad1)")
    (add_net "Net-(D18-Pad1)")
    (add_net "Net-(TP18-Pad1)")
    (add_net "Net-(TP19-Pad1)")
    (add_net "Net-(TP20-Pad1)")
    (add_net "Net-(TP21-Pad1)")
    (add_net "Net-(TP22-Pad1)")
    (add_net "Net-(TP23-Pad1)")
    (add_net "Net-(TP24-Pad1)")
    (add_net "Net-(TP25-Pad1)")
    (add_net \RAM_OUT)
    (add_net \WE)
    (add_net addr_0)
    (add_net addr_1)
    (add_net addr_2)
    (add_net addr_3)
    (add_net bus0)
    (add_net bus1)
    (add_net bus2)
    (add_net bus3)
    (add_net bus4)
    (add_net bus5)
    (add_net bus6)
    (add_net bus7)
    (add_net ram_in0)
    (add_net ram_in1)
    (add_net ram_in2)
    (add_net ram_in3)
    (add_net ram_in4)
    (add_net ram_in5)
    (add_net ram_in6)
    (add_net ram_in7)
  )

  (module TestPoint:TestPoint_THTPad_D1.5mm_Drill0.7mm (layer F.Cu) (tedit 5A0F774F) (tstamp 60101946)
    (at 150.9 76.4 180)
    (descr "THT pad as test Point, diameter 1.5mm, hole diameter 0.7mm")
    (tags "test point THT pad")
    (path /647CFDAA)
    (attr virtual)
    (fp_text reference TP23 (at 6.2 2.6 90) (layer F.Fab)
      (effects (font (size 1 1) (thickness 0.15)))
    )
    (fp_text value NOT (at 0 2.75 270) (layer F.SilkS)
      (effects (font (size 1 1) (thickness 0.15)))
    )
    (fp_text user %R (at 6.2 2.6 90) (layer F.Fab)
      (effects (font (size 1 1) (thickness 0.15)))
    )
    (fp_circle (center 0 0) (end 1.25 0) (layer F.CrtYd) (width 0.05))
    (fp_circle (center 0 0) (end 0 0.95) (layer F.SilkS) (width 0.12))
    (pad 1 thru_hole circle (at 0 0 180) (size 1.5 1.5) (drill 0.7) (layers *.Cu *.Mask)
      (net 54 "Net-(TP23-Pad1)"))
  )

  (module TestPoint:TestPoint_THTPad_D1.5mm_Drill0.7mm (layer F.Cu) (tedit 5A0F774F) (tstamp 6010194E)
    (at 158.65 76.4 180)
    (descr "THT pad as test Point, diameter 1.5mm, hole diameter 0.7mm")
    (tags "test point THT pad")
    (path /647AECE9)
    (attr virtual)
    (fp_text reference TP24 (at 9.35 2.55 90) (layer F.Fab)
      (effects (font (size 1 1) (thickness 0.15)))
    )
    (fp_text value \NOT (at 0 2.75 270) (layer F.SilkS)
      (effects (font (size 1 1) (thickness 0.15)))
    )
    (fp_circle (center 0 0) (end 0 0.95) (layer F.SilkS) (width 0.12))
    (fp_circle (center 0 0) (end 1.25 0) (layer F.CrtYd) (width 0.05))
    (fp_text user %R (at 9.35 2.55 90) (layer F.Fab)
      (effects (font (size 1 1) (thickness 0.15)))
    )
    (pad 1 thru_hole circle (at 0 0 180) (size 1.5 1.5) (drill 0.7) (layers *.Cu *.Mask)
      (net 55 "Net-(TP24-Pad1)"))
  )

  (module TestPoint:TestPoint_THTPad_D1.5mm_Drill0.7mm (layer F.Cu) (tedit 5A0F774F) (tstamp 602A40C4)
    (at 153.4 76.4 180)
    (descr "THT pad as test Point, diameter 1.5mm, hole diameter 0.7mm")
    (tags "test point THT pad")
    (path /647AECEF)
    (attr virtual)
    (fp_text reference TP25 (at 7.1 2.55 90) (layer F.Fab)
      (effects (font (size 1 1) (thickness 0.15)))
    )
    (fp_text value \NOT (at 0 2.5 270) (layer F.SilkS)
      (effects (font (size 1 1) (thickness 0.15)))
    )
    (fp_text user %R (at 7.1 2.55 90) (layer F.Fab)
      (effects (font (size 1 1) (thickness 0.15)))
    )
    (fp_circle (center 0 0) (end 1.25 0) (layer F.CrtYd) (width 0.05))
    (fp_circle (center 0 0) (end 0 0.95) (layer F.SilkS) (width 0.12))
    (pad 1 thru_hole circle (at 0 0 180) (size 1.5 1.5) (drill 0.7) (layers *.Cu *.Mask)
      (net 56 "Net-(TP25-Pad1)"))
  )

  (module TestPoint:TestPoint_THTPad_D1.5mm_Drill0.7mm (layer F.Cu) (tedit 5A0F774F) (tstamp 6010191E)
    (at 155.9 101.15 180)
    (descr "THT pad as test Point, diameter 1.5mm, hole diameter 0.7mm")
    (tags "test point THT pad")
    (path /647DB85C)
    (attr virtual)
    (fp_text reference TP18 (at 6.65 1.05 90) (layer F.Fab)
      (effects (font (size 1 1) (thickness 0.15)))
    )
    (fp_text value NOT (at 0 2.5 270) (layer F.SilkS)
      (effects (font (size 1 1) (thickness 0.15)))
    )
    (fp_circle (center 0 0) (end 0 0.95) (layer F.SilkS) (width 0.12))
    (fp_circle (center 0 0) (end 1.25 0) (layer F.CrtYd) (width 0.05))
    (fp_text user %R (at 6.65 1.05 90) (layer F.Fab)
      (effects (font (size 1 1) (thickness 0.15)))
    )
    (pad 1 thru_hole circle (at 0 0 180) (size 1.5 1.5) (drill 0.7) (layers *.Cu *.Mask)
      (net 49 "Net-(TP18-Pad1)"))
  )

  (module TestPoint:TestPoint_THTPad_D1.5mm_Drill0.7mm (layer F.Cu) (tedit 5A0F774F) (tstamp 60101926)
    (at 150.9 101.15 180)
    (descr "THT pad as test Point, diameter 1.5mm, hole diameter 0.7mm")
    (tags "test point THT pad")
    (path /647DB862)
    (attr virtual)
    (fp_text reference TP19 (at 4.8 1.05 90) (layer F.Fab)
      (effects (font (size 1 1) (thickness 0.15)))
    )
    (fp_text value NOT (at 0 2.5 270) (layer F.SilkS)
      (effects (font (size 1 1) (thickness 0.15)))
    )
    (fp_circle (center 0 0) (end 0 0.95) (layer F.SilkS) (width 0.12))
    (fp_circle (center 0 0) (end 1.25 0) (layer F.CrtYd) (width 0.05))
    (fp_text user %R (at 4.8 1.05 90) (layer F.Fab)
      (effects (font (size 1 1) (thickness 0.15)))
    )
    (pad 1 thru_hole circle (at 0 0 180) (size 1.5 1.5) (drill 0.7) (layers *.Cu *.Mask)
      (net 50 "Net-(TP19-Pad1)"))
  )

  (module TestPoint:TestPoint_THTPad_D1.5mm_Drill0.7mm (layer F.Cu) (tedit 5A0F774F) (tstamp 602A41BD)
    (at 158.4 101.15 180)
    (descr "THT pad as test Point, diameter 1.5mm, hole diameter 0.7mm")
    (tags "test point THT pad")
    (path /64796CCE)
    (attr virtual)
    (fp_text reference TP20 (at -2.1 1.1 90) (layer F.Fab)
      (effects (font (size 1 1) (thickness 0.15)))
    )
    (fp_text value \NOT (at 0 2.25 270) (layer F.SilkS)
      (effects (font (size 1 1) (thickness 0.15)))
    )
    (fp_text user %R (at -2.1 1.1 90) (layer F.Fab)
      (effects (font (size 1 1) (thickness 0.15)))
    )
    (fp_circle (center 0 0) (end 1.25 0) (layer F.CrtYd) (width 0.05))
    (fp_circle (center 0 0) (end 0 0.95) (layer F.SilkS) (width 0.12))
    (pad 1 thru_hole circle (at 0 0 180) (size 1.5 1.5) (drill 0.7) (layers *.Cu *.Mask)
      (net 51 "Net-(TP20-Pad1)"))
  )

  (module TestPoint:TestPoint_THTPad_D1.5mm_Drill0.7mm (layer F.Cu) (tedit 5A0F774F) (tstamp 60101936)
    (at 153.4 101.15 180)
    (descr "THT pad as test Point, diameter 1.5mm, hole diameter 0.7mm")
    (tags "test point THT pad")
    (path /6479A2D8)
    (attr virtual)
    (fp_text reference TP21 (at 5.75 1.05 90) (layer F.Fab)
      (effects (font (size 1 1) (thickness 0.15)))
    )
    (fp_text value \NOT (at 0 2.25 270) (layer F.SilkS)
      (effects (font (size 1 1) (thickness 0.15)))
    )
    (fp_text user %R (at 5.75 1.05 90) (layer F.Fab)
      (effects (font (size 1 1) (thickness 0.15)))
    )
    (fp_circle (center 0 0) (end 1.25 0) (layer F.CrtYd) (width 0.05))
    (fp_circle (center 0 0) (end 0 0.95) (layer F.SilkS) (width 0.12))
    (pad 1 thru_hole circle (at 0 0 180) (size 1.5 1.5) (drill 0.7) (layers *.Cu *.Mask)
      (net 52 "Net-(TP21-Pad1)"))
  )

  (module TestPoint:TestPoint_THTPad_D1.5mm_Drill0.7mm (layer F.Cu) (tedit 5A0F774F) (tstamp 6010193E)
    (at 156.15 76.4 180)
    (descr "THT pad as test Point, diameter 1.5mm, hole diameter 0.7mm")
    (tags "test point THT pad")
    (path /647CE02B)
    (attr virtual)
    (fp_text reference TP22 (at 8.3 2.55 270) (layer F.Fab)
      (effects (font (size 1 1) (thickness 0.15)))
    )
    (fp_text value NOT (at 0 2.75 270) (layer F.SilkS)
      (effects (font (size 1 1) (thickness 0.15)))
    )
    (fp_circle (center 0 0) (end 0 0.95) (layer F.SilkS) (width 0.12))
    (fp_circle (center 0 0) (end 1.25 0) (layer F.CrtYd) (width 0.05))
    (fp_text user %R (at 8.3 2.6 90) (layer F.Fab)
      (effects (font (size 1 1) (thickness 0.15)))
    )
    (pad 1 thru_hole circle (at 0 0 180) (size 1.5 1.5) (drill 0.7) (layers *.Cu *.Mask)
      (net 53 "Net-(TP22-Pad1)"))
  )

  (module Capacitor_THT:C_Rect_L7.0mm_W2.5mm_P5.00mm (layer F.Cu) (tedit 5AE50EF0) (tstamp 601016BF)
    (at 145.4 103.9 180)
    (descr "C, Rect series, Radial, pin pitch=5.00mm, , length*width=7*2.5mm^2, Capacitor")
    (tags "C Rect series Radial pin pitch 5.00mm  length 7mm width 2.5mm Capacitor")
    (path /60921D21)
    (fp_text reference C11 (at 4.95 2.5) (layer F.SilkS)
      (effects (font (size 1 1) (thickness 0.15)))
    )
    (fp_text value "100nF 63V" (at 2.65 -2.35) (layer F.SilkS)
      (effects (font (size 1 1) (thickness 0.15)))
    )
    (fp_line (start -1 -1.25) (end -1 1.25) (layer F.Fab) (width 0.1))
    (fp_line (start -1 1.25) (end 6 1.25) (layer F.Fab) (width 0.1))
    (fp_line (start 6 1.25) (end 6 -1.25) (layer F.Fab) (width 0.1))
    (fp_line (start 6 -1.25) (end -1 -1.25) (layer F.Fab) (width 0.1))
    (fp_line (start -1.12 -1.37) (end 6.12 -1.37) (layer F.SilkS) (width 0.12))
    (fp_line (start -1.12 1.37) (end 6.12 1.37) (layer F.SilkS) (width 0.12))
    (fp_line (start -1.12 -1.37) (end -1.12 1.37) (layer F.SilkS) (width 0.12))
    (fp_line (start 6.12 -1.37) (end 6.12 1.37) (layer F.SilkS) (width 0.12))
    (fp_line (start -1.25 -1.5) (end -1.25 1.5) (layer F.CrtYd) (width 0.05))
    (fp_line (start -1.25 1.5) (end 6.25 1.5) (layer F.CrtYd) (width 0.05))
    (fp_line (start 6.25 1.5) (end 6.25 -1.5) (layer F.CrtYd) (width 0.05))
    (fp_line (start 6.25 -1.5) (end -1.25 -1.5) (layer F.CrtYd) (width 0.05))
    (fp_text user %R (at 2.5 0) (layer F.Fab)
      (effects (font (size 1 1) (thickness 0.15)))
    )
    (pad 1 thru_hole circle (at 0 0 180) (size 1.6 1.6) (drill 0.8) (layers *.Cu *.Mask)
      (net 1 +5V))
    (pad 2 thru_hole circle (at 5 0 180) (size 1.6 1.6) (drill 0.8) (layers *.Cu *.Mask)
      (net 2 GND))
    (model ${KISYS3DMOD}/Capacitor_THT.3dshapes/C_Rect_L7.0mm_W2.5mm_P5.00mm.wrl
      (at (xyz 0 0 0))
      (scale (xyz 1 1 1))
      (rotate (xyz 0 0 0))
    )
  )

  (module Capacitor_THT:C_Rect_L7.0mm_W2.5mm_P5.00mm (layer F.Cu) (tedit 5AE50EF0) (tstamp 602A3C8A)
    (at 93.4 104.9 90)
    (descr "C, Rect series, Radial, pin pitch=5.00mm, , length*width=7*2.5mm^2, Capacitor")
    (tags "C Rect series Radial pin pitch 5.00mm  length 7mm width 2.5mm Capacitor")
    (path /60921D35)
    (fp_text reference C12 (at -2.65 0 90) (layer F.SilkS)
      (effects (font (size 1 1) (thickness 0.15)))
    )
    (fp_text value "100nF 63V" (at 2.65 -2.1 90) (layer F.SilkS)
      (effects (font (size 1 1) (thickness 0.15)))
    )
    (fp_text user %R (at 2.5 0 90) (layer F.Fab)
      (effects (font (size 1 1) (thickness 0.15)))
    )
    (fp_line (start 6.25 -1.5) (end -1.25 -1.5) (layer F.CrtYd) (width 0.05))
    (fp_line (start 6.25 1.5) (end 6.25 -1.5) (layer F.CrtYd) (width 0.05))
    (fp_line (start -1.25 1.5) (end 6.25 1.5) (layer F.CrtYd) (width 0.05))
    (fp_line (start -1.25 -1.5) (end -1.25 1.5) (layer F.CrtYd) (width 0.05))
    (fp_line (start 6.12 -1.37) (end 6.12 1.37) (layer F.SilkS) (width 0.12))
    (fp_line (start -1.12 -1.37) (end -1.12 1.37) (layer F.SilkS) (width 0.12))
    (fp_line (start -1.12 1.37) (end 6.12 1.37) (layer F.SilkS) (width 0.12))
    (fp_line (start -1.12 -1.37) (end 6.12 -1.37) (layer F.SilkS) (width 0.12))
    (fp_line (start 6 -1.25) (end -1 -1.25) (layer F.Fab) (width 0.1))
    (fp_line (start 6 1.25) (end 6 -1.25) (layer F.Fab) (width 0.1))
    (fp_line (start -1 1.25) (end 6 1.25) (layer F.Fab) (width 0.1))
    (fp_line (start -1 -1.25) (end -1 1.25) (layer F.Fab) (width 0.1))
    (pad 2 thru_hole circle (at 5 0 90) (size 1.6 1.6) (drill 0.8) (layers *.Cu *.Mask)
      (net 2 GND))
    (pad 1 thru_hole circle (at 0 0 90) (size 1.6 1.6) (drill 0.8) (layers *.Cu *.Mask)
      (net 1 +5V))
    (model ${KISYS3DMOD}/Capacitor_THT.3dshapes/C_Rect_L7.0mm_W2.5mm_P5.00mm.wrl
      (at (xyz 0 0 0))
      (scale (xyz 1 1 1))
      (rotate (xyz 0 0 0))
    )
  )

  (module Capacitor_THT:C_Rect_L7.0mm_W2.5mm_P5.00mm (layer F.Cu) (tedit 5AE50EF0) (tstamp 601016E5)
    (at 93.2 78.4 90)
    (descr "C, Rect series, Radial, pin pitch=5.00mm, , length*width=7*2.5mm^2, Capacitor")
    (tags "C Rect series Radial pin pitch 5.00mm  length 7mm width 2.5mm Capacitor")
    (path /60921D49)
    (fp_text reference C13 (at 0.05 -2.4 90) (layer F.SilkS)
      (effects (font (size 1 1) (thickness 0.15)))
    )
    (fp_text value "100nF 63V" (at 2.5 2.5 90) (layer F.SilkS)
      (effects (font (size 1 1) (thickness 0.15)))
    )
    (fp_line (start -1 -1.25) (end -1 1.25) (layer F.Fab) (width 0.1))
    (fp_line (start -1 1.25) (end 6 1.25) (layer F.Fab) (width 0.1))
    (fp_line (start 6 1.25) (end 6 -1.25) (layer F.Fab) (width 0.1))
    (fp_line (start 6 -1.25) (end -1 -1.25) (layer F.Fab) (width 0.1))
    (fp_line (start -1.12 -1.37) (end 6.12 -1.37) (layer F.SilkS) (width 0.12))
    (fp_line (start -1.12 1.37) (end 6.12 1.37) (layer F.SilkS) (width 0.12))
    (fp_line (start -1.12 -1.37) (end -1.12 1.37) (layer F.SilkS) (width 0.12))
    (fp_line (start 6.12 -1.37) (end 6.12 1.37) (layer F.SilkS) (width 0.12))
    (fp_line (start -1.25 -1.5) (end -1.25 1.5) (layer F.CrtYd) (width 0.05))
    (fp_line (start -1.25 1.5) (end 6.25 1.5) (layer F.CrtYd) (width 0.05))
    (fp_line (start 6.25 1.5) (end 6.25 -1.5) (layer F.CrtYd) (width 0.05))
    (fp_line (start 6.25 -1.5) (end -1.25 -1.5) (layer F.CrtYd) (width 0.05))
    (fp_text user %R (at 2.5 -0.15 90) (layer F.Fab)
      (effects (font (size 1 1) (thickness 0.15)))
    )
    (pad 1 thru_hole circle (at 0 0 90) (size 1.6 1.6) (drill 0.8) (layers *.Cu *.Mask)
      (net 1 +5V))
    (pad 2 thru_hole circle (at 5 0 90) (size 1.6 1.6) (drill 0.8) (layers *.Cu *.Mask)
      (net 2 GND))
    (model ${KISYS3DMOD}/Capacitor_THT.3dshapes/C_Rect_L7.0mm_W2.5mm_P5.00mm.wrl
      (at (xyz 0 0 0))
      (scale (xyz 1 1 1))
      (rotate (xyz 0 0 0))
    )
  )

  (module Capacitor_THT:C_Rect_L7.0mm_W2.5mm_P5.00mm (layer F.Cu) (tedit 5AE50EF0) (tstamp 601063DF)
    (at 134.15 101.4 270)
    (descr "C, Rect series, Radial, pin pitch=5.00mm, , length*width=7*2.5mm^2, Capacitor")
    (tags "C Rect series Radial pin pitch 5.00mm  length 7mm width 2.5mm Capacitor")
    (path /60921D5D)
    (fp_text reference C14 (at 0 -2.55 90) (layer F.SilkS)
      (effects (font (size 1 1) (thickness 0.15)))
    )
    (fp_text value "100nF 63V" (at 2.5 2.5 90) (layer F.SilkS)
      (effects (font (size 1 1) (thickness 0.15)))
    )
    (fp_text user %R (at 2.5 0 90) (layer F.Fab)
      (effects (font (size 1 1) (thickness 0.15)))
    )
    (fp_line (start 6.25 -1.5) (end -1.25 -1.5) (layer F.CrtYd) (width 0.05))
    (fp_line (start 6.25 1.5) (end 6.25 -1.5) (layer F.CrtYd) (width 0.05))
    (fp_line (start -1.25 1.5) (end 6.25 1.5) (layer F.CrtYd) (width 0.05))
    (fp_line (start -1.25 -1.5) (end -1.25 1.5) (layer F.CrtYd) (width 0.05))
    (fp_line (start 6.12 -1.37) (end 6.12 1.37) (layer F.SilkS) (width 0.12))
    (fp_line (start -1.12 -1.37) (end -1.12 1.37) (layer F.SilkS) (width 0.12))
    (fp_line (start -1.12 1.37) (end 6.12 1.37) (layer F.SilkS) (width 0.12))
    (fp_line (start -1.12 -1.37) (end 6.12 -1.37) (layer F.SilkS) (width 0.12))
    (fp_line (start 6 -1.25) (end -1 -1.25) (layer F.Fab) (width 0.1))
    (fp_line (start 6 1.25) (end 6 -1.25) (layer F.Fab) (width 0.1))
    (fp_line (start -1 1.25) (end 6 1.25) (layer F.Fab) (width 0.1))
    (fp_line (start -1 -1.25) (end -1 1.25) (layer F.Fab) (width 0.1))
    (pad 2 thru_hole circle (at 5 0 270) (size 1.6 1.6) (drill 0.8) (layers *.Cu *.Mask)
      (net 2 GND))
    (pad 1 thru_hole circle (at 0 0 270) (size 1.6 1.6) (drill 0.8) (layers *.Cu *.Mask)
      (net 1 +5V))
    (model ${KISYS3DMOD}/Capacitor_THT.3dshapes/C_Rect_L7.0mm_W2.5mm_P5.00mm.wrl
      (at (xyz 0 0 0))
      (scale (xyz 1 1 1))
      (rotate (xyz 0 0 0))
    )
  )

  (module Capacitor_THT:C_Rect_L7.0mm_W2.5mm_P5.00mm (layer F.Cu) (tedit 5AE50EF0) (tstamp 60106A00)
    (at 145.4 79.15 180)
    (descr "C, Rect series, Radial, pin pitch=5.00mm, , length*width=7*2.5mm^2, Capacitor")
    (tags "C Rect series Radial pin pitch 5.00mm  length 7mm width 2.5mm Capacitor")
    (path /60950376)
    (fp_text reference C15 (at 4.25 2.25) (layer F.SilkS)
      (effects (font (size 1 1) (thickness 0.15)))
    )
    (fp_text value "100nF 63V" (at 2.5 -2.25 180) (layer F.SilkS)
      (effects (font (size 1 1) (thickness 0.15)))
    )
    (fp_line (start -1 -1.25) (end -1 1.25) (layer F.Fab) (width 0.1))
    (fp_line (start -1 1.25) (end 6 1.25) (layer F.Fab) (width 0.1))
    (fp_line (start 6 1.25) (end 6 -1.25) (layer F.Fab) (width 0.1))
    (fp_line (start 6 -1.25) (end -1 -1.25) (layer F.Fab) (width 0.1))
    (fp_line (start -1.12 -1.37) (end 6.12 -1.37) (layer F.SilkS) (width 0.12))
    (fp_line (start -1.12 1.37) (end 6.12 1.37) (layer F.SilkS) (width 0.12))
    (fp_line (start -1.12 -1.37) (end -1.12 1.37) (layer F.SilkS) (width 0.12))
    (fp_line (start 6.12 -1.37) (end 6.12 1.37) (layer F.SilkS) (width 0.12))
    (fp_line (start -1.25 -1.5) (end -1.25 1.5) (layer F.CrtYd) (width 0.05))
    (fp_line (start -1.25 1.5) (end 6.25 1.5) (layer F.CrtYd) (width 0.05))
    (fp_line (start 6.25 1.5) (end 6.25 -1.5) (layer F.CrtYd) (width 0.05))
    (fp_line (start 6.25 -1.5) (end -1.25 -1.5) (layer F.CrtYd) (width 0.05))
    (fp_text user %R (at 2.5 0 180) (layer F.Fab)
      (effects (font (size 1 1) (thickness 0.15)))
    )
    (pad 1 thru_hole circle (at 0 0 180) (size 1.6 1.6) (drill 0.8) (layers *.Cu *.Mask)
      (net 1 +5V))
    (pad 2 thru_hole circle (at 5 0 180) (size 1.6 1.6) (drill 0.8) (layers *.Cu *.Mask)
      (net 2 GND))
    (model ${KISYS3DMOD}/Capacitor_THT.3dshapes/C_Rect_L7.0mm_W2.5mm_P5.00mm.wrl
      (at (xyz 0 0 0))
      (scale (xyz 1 1 1))
      (rotate (xyz 0 0 0))
    )
  )

  (module LED_THT:LED_D3.0mm (layer F.Cu) (tedit 587A3A7B) (tstamp 60102A17)
    (at 183.4 109.65 90)
    (descr "LED, diameter 3.0mm, 2 pins")
    (tags "LED diameter 3.0mm 2 pins")
    (path /6075380D)
    (fp_text reference D11 (at 1.5 -2.9 90) (layer F.Fab)
      (effects (font (size 1 1) (thickness 0.15)))
    )
    (fp_text value ram_out7 (at 1.27 2.6 90) (layer F.SilkS)
      (effects (font (size 1 1) (thickness 0.15)))
    )
    (fp_line (start 3.7 -2.25) (end -1.15 -2.25) (layer F.CrtYd) (width 0.05))
    (fp_line (start 3.7 2.25) (end 3.7 -2.25) (layer F.CrtYd) (width 0.05))
    (fp_line (start -1.15 2.25) (end 3.7 2.25) (layer F.CrtYd) (width 0.05))
    (fp_line (start -1.15 -2.25) (end -1.15 2.25) (layer F.CrtYd) (width 0.05))
    (fp_line (start -0.29 1.08) (end -0.29 1.236) (layer F.SilkS) (width 0.12))
    (fp_line (start -0.29 -1.236) (end -0.29 -1.08) (layer F.SilkS) (width 0.12))
    (fp_line (start -0.23 -1.16619) (end -0.23 1.16619) (layer F.Fab) (width 0.1))
    (fp_circle (center 1.27 0) (end 2.77 0) (layer F.Fab) (width 0.1))
    (fp_arc (start 1.27 0) (end 0.229039 1.08) (angle -87.9) (layer F.SilkS) (width 0.12))
    (fp_arc (start 1.27 0) (end 0.229039 -1.08) (angle 87.9) (layer F.SilkS) (width 0.12))
    (fp_arc (start 1.27 0) (end -0.29 1.235516) (angle -108.8) (layer F.SilkS) (width 0.12))
    (fp_arc (start 1.27 0) (end -0.29 -1.235516) (angle 108.8) (layer F.SilkS) (width 0.12))
    (fp_arc (start 1.27 0) (end -0.23 -1.16619) (angle 284.3) (layer F.Fab) (width 0.1))
    (pad 2 thru_hole circle (at 2.54 0 90) (size 1.8 1.8) (drill 0.9) (layers *.Cu *.Mask)
      (net 3 /ram_out7))
    (pad 1 thru_hole rect (at 0 0 90) (size 1.8 1.8) (drill 0.9) (layers *.Cu *.Mask)
      (net 4 "Net-(D11-Pad1)"))
    (model ${KISYS3DMOD}/LED_THT.3dshapes/LED_D3.0mm.wrl
      (at (xyz 0 0 0))
      (scale (xyz 1 1 1))
      (rotate (xyz 0 0 0))
    )
  )

  (module LED_THT:LED_D3.0mm (layer F.Cu) (tedit 587A3A7B) (tstamp 60103277)
    (at 183.4 104.65 90)
    (descr "LED, diameter 3.0mm, 2 pins")
    (tags "LED diameter 3.0mm 2 pins")
    (path /60768015)
    (fp_text reference D12 (at 1.5 2.9 90) (layer F.Fab)
      (effects (font (size 1 1) (thickness 0.15)))
    )
    (fp_text value ram_out6 (at 1.27 -3 90) (layer F.SilkS)
      (effects (font (size 1 1) (thickness 0.15)))
    )
    (fp_arc (start 1.27 0) (end -0.23 -1.16619) (angle 284.3) (layer F.Fab) (width 0.1))
    (fp_arc (start 1.27 0) (end -0.29 -1.235516) (angle 108.8) (layer F.SilkS) (width 0.12))
    (fp_arc (start 1.27 0) (end -0.29 1.235516) (angle -108.8) (layer F.SilkS) (width 0.12))
    (fp_arc (start 1.27 0) (end 0.229039 -1.08) (angle 87.9) (layer F.SilkS) (width 0.12))
    (fp_arc (start 1.27 0) (end 0.229039 1.08) (angle -87.9) (layer F.SilkS) (width 0.12))
    (fp_circle (center 1.27 0) (end 2.77 0) (layer F.Fab) (width 0.1))
    (fp_line (start -0.23 -1.16619) (end -0.23 1.16619) (layer F.Fab) (width 0.1))
    (fp_line (start -0.29 -1.236) (end -0.29 -1.08) (layer F.SilkS) (width 0.12))
    (fp_line (start -0.29 1.08) (end -0.29 1.236) (layer F.SilkS) (width 0.12))
    (fp_line (start -1.15 -2.25) (end -1.15 2.25) (layer F.CrtYd) (width 0.05))
    (fp_line (start -1.15 2.25) (end 3.7 2.25) (layer F.CrtYd) (width 0.05))
    (fp_line (start 3.7 2.25) (end 3.7 -2.25) (layer F.CrtYd) (width 0.05))
    (fp_line (start 3.7 -2.25) (end -1.15 -2.25) (layer F.CrtYd) (width 0.05))
    (pad 1 thru_hole rect (at 0 0 90) (size 1.8 1.8) (drill 0.9) (layers *.Cu *.Mask)
      (net 5 "Net-(D12-Pad1)"))
    (pad 2 thru_hole circle (at 2.54 0 90) (size 1.8 1.8) (drill 0.9) (layers *.Cu *.Mask)
      (net 6 /ram_out6))
    (model ${KISYS3DMOD}/LED_THT.3dshapes/LED_D3.0mm.wrl
      (at (xyz 0 0 0))
      (scale (xyz 1 1 1))
      (rotate (xyz 0 0 0))
    )
  )

  (module LED_THT:LED_D3.0mm (layer F.Cu) (tedit 587A3A7B) (tstamp 60102734)
    (at 183.4 99.65 90)
    (descr "LED, diameter 3.0mm, 2 pins")
    (tags "LED diameter 3.0mm 2 pins")
    (path /607AABE3)
    (fp_text reference D13 (at 1.5 -2.9 90) (layer F.Fab)
      (effects (font (size 1 1) (thickness 0.15)))
    )
    (fp_text value ram_out5 (at 1.27 2.55 90) (layer F.SilkS)
      (effects (font (size 1 1) (thickness 0.15)))
    )
    (fp_line (start 3.7 -2.25) (end -1.15 -2.25) (layer F.CrtYd) (width 0.05))
    (fp_line (start 3.7 2.25) (end 3.7 -2.25) (layer F.CrtYd) (width 0.05))
    (fp_line (start -1.15 2.25) (end 3.7 2.25) (layer F.CrtYd) (width 0.05))
    (fp_line (start -1.15 -2.25) (end -1.15 2.25) (layer F.CrtYd) (width 0.05))
    (fp_line (start -0.29 1.08) (end -0.29 1.236) (layer F.SilkS) (width 0.12))
    (fp_line (start -0.29 -1.236) (end -0.29 -1.08) (layer F.SilkS) (width 0.12))
    (fp_line (start -0.23 -1.16619) (end -0.23 1.16619) (layer F.Fab) (width 0.1))
    (fp_circle (center 1.27 0) (end 2.77 0) (layer F.Fab) (width 0.1))
    (fp_arc (start 1.27 0) (end 0.229039 1.08) (angle -87.9) (layer F.SilkS) (width 0.12))
    (fp_arc (start 1.27 0) (end 0.229039 -1.08) (angle 87.9) (layer F.SilkS) (width 0.12))
    (fp_arc (start 1.27 0) (end -0.29 1.235516) (angle -108.8) (layer F.SilkS) (width 0.12))
    (fp_arc (start 1.27 0) (end -0.29 -1.235516) (angle 108.8) (layer F.SilkS) (width 0.12))
    (fp_arc (start 1.27 0) (end -0.23 -1.16619) (angle 284.3) (layer F.Fab) (width 0.1))
    (pad 2 thru_hole circle (at 2.54 0 90) (size 1.8 1.8) (drill 0.9) (layers *.Cu *.Mask)
      (net 7 /ram_out5))
    (pad 1 thru_hole rect (at 0 0 90) (size 1.8 1.8) (drill 0.9) (layers *.Cu *.Mask)
      (net 8 "Net-(D13-Pad1)"))
    (model ${KISYS3DMOD}/LED_THT.3dshapes/LED_D3.0mm.wrl
      (at (xyz 0 0 0))
      (scale (xyz 1 1 1))
      (rotate (xyz 0 0 0))
    )
  )

  (module LED_THT:LED_D3.0mm (layer F.Cu) (tedit 587A3A7B) (tstamp 60101757)
    (at 183.4 94.65 90)
    (descr "LED, diameter 3.0mm, 2 pins")
    (tags "LED diameter 3.0mm 2 pins")
    (path /607AABE9)
    (fp_text reference D14 (at 1.25 2.85 90) (layer F.Fab)
      (effects (font (size 1 1) (thickness 0.15)))
    )
    (fp_text value ram_out4 (at 1 -3 90) (layer F.SilkS)
      (effects (font (size 1 1) (thickness 0.15)))
    )
    (fp_arc (start 1.27 0) (end -0.23 -1.16619) (angle 284.3) (layer F.Fab) (width 0.1))
    (fp_arc (start 1.27 0) (end -0.29 -1.235516) (angle 108.8) (layer F.SilkS) (width 0.12))
    (fp_arc (start 1.27 0) (end -0.29 1.235516) (angle -108.8) (layer F.SilkS) (width 0.12))
    (fp_arc (start 1.27 0) (end 0.229039 -1.08) (angle 87.9) (layer F.SilkS) (width 0.12))
    (fp_arc (start 1.27 0) (end 0.229039 1.08) (angle -87.9) (layer F.SilkS) (width 0.12))
    (fp_circle (center 1.27 0) (end 2.77 0) (layer F.Fab) (width 0.1))
    (fp_line (start -0.23 -1.16619) (end -0.23 1.16619) (layer F.Fab) (width 0.1))
    (fp_line (start -0.29 -1.236) (end -0.29 -1.08) (layer F.SilkS) (width 0.12))
    (fp_line (start -0.29 1.08) (end -0.29 1.236) (layer F.SilkS) (width 0.12))
    (fp_line (start -1.15 -2.25) (end -1.15 2.25) (layer F.CrtYd) (width 0.05))
    (fp_line (start -1.15 2.25) (end 3.7 2.25) (layer F.CrtYd) (width 0.05))
    (fp_line (start 3.7 2.25) (end 3.7 -2.25) (layer F.CrtYd) (width 0.05))
    (fp_line (start 3.7 -2.25) (end -1.15 -2.25) (layer F.CrtYd) (width 0.05))
    (pad 1 thru_hole rect (at 0 0 90) (size 1.8 1.8) (drill 0.9) (layers *.Cu *.Mask)
      (net 9 "Net-(D14-Pad1)"))
    (pad 2 thru_hole circle (at 2.54 0 90) (size 1.8 1.8) (drill 0.9) (layers *.Cu *.Mask)
      (net 10 /ram_out4))
    (model ${KISYS3DMOD}/LED_THT.3dshapes/LED_D3.0mm.wrl
      (at (xyz 0 0 0))
      (scale (xyz 1 1 1))
      (rotate (xyz 0 0 0))
    )
  )

  (module LED_THT:LED_D3.0mm (layer F.Cu) (tedit 587A3A7B) (tstamp 60102880)
    (at 183.4 89.65 90)
    (descr "LED, diameter 3.0mm, 2 pins")
    (tags "LED diameter 3.0mm 2 pins")
    (path /607B358A)
    (fp_text reference D15 (at 1.15 -2.8 90) (layer F.Fab)
      (effects (font (size 1 1) (thickness 0.15)))
    )
    (fp_text value ram_out3 (at 1.27 2.55 90) (layer F.SilkS)
      (effects (font (size 1 1) (thickness 0.15)))
    )
    (fp_arc (start 1.27 0) (end -0.23 -1.16619) (angle 284.3) (layer F.Fab) (width 0.1))
    (fp_arc (start 1.27 0) (end -0.29 -1.235516) (angle 108.8) (layer F.SilkS) (width 0.12))
    (fp_arc (start 1.27 0) (end -0.29 1.235516) (angle -108.8) (layer F.SilkS) (width 0.12))
    (fp_arc (start 1.27 0) (end 0.229039 -1.08) (angle 87.9) (layer F.SilkS) (width 0.12))
    (fp_arc (start 1.27 0) (end 0.229039 1.08) (angle -87.9) (layer F.SilkS) (width 0.12))
    (fp_circle (center 1.27 0) (end 2.77 0) (layer F.Fab) (width 0.1))
    (fp_line (start -0.23 -1.16619) (end -0.23 1.16619) (layer F.Fab) (width 0.1))
    (fp_line (start -0.29 -1.236) (end -0.29 -1.08) (layer F.SilkS) (width 0.12))
    (fp_line (start -0.29 1.08) (end -0.29 1.236) (layer F.SilkS) (width 0.12))
    (fp_line (start -1.15 -2.25) (end -1.15 2.25) (layer F.CrtYd) (width 0.05))
    (fp_line (start -1.15 2.25) (end 3.7 2.25) (layer F.CrtYd) (width 0.05))
    (fp_line (start 3.7 2.25) (end 3.7 -2.25) (layer F.CrtYd) (width 0.05))
    (fp_line (start 3.7 -2.25) (end -1.15 -2.25) (layer F.CrtYd) (width 0.05))
    (pad 1 thru_hole rect (at 0 0 90) (size 1.8 1.8) (drill 0.9) (layers *.Cu *.Mask)
      (net 11 "Net-(D15-Pad1)"))
    (pad 2 thru_hole circle (at 2.54 0 90) (size 1.8 1.8) (drill 0.9) (layers *.Cu *.Mask)
      (net 12 /ram_out3))
    (model ${KISYS3DMOD}/LED_THT.3dshapes/LED_D3.0mm.wrl
      (at (xyz 0 0 0))
      (scale (xyz 1 1 1))
      (rotate (xyz 0 0 0))
    )
  )

  (module LED_THT:LED_D3.0mm (layer F.Cu) (tedit 587A3A7B) (tstamp 601032E7)
    (at 183.4 84.65 90)
    (descr "LED, diameter 3.0mm, 2 pins")
    (tags "LED diameter 3.0mm 2 pins")
    (path /607B3590)
    (fp_text reference D16 (at 1.3 2.95 90) (layer F.Fab)
      (effects (font (size 1 1) (thickness 0.15)))
    )
    (fp_text value ram_out2 (at 1.5 -3 90) (layer F.SilkS)
      (effects (font (size 1 1) (thickness 0.15)))
    )
    (fp_line (start 3.7 -2.25) (end -1.15 -2.25) (layer F.CrtYd) (width 0.05))
    (fp_line (start 3.7 2.25) (end 3.7 -2.25) (layer F.CrtYd) (width 0.05))
    (fp_line (start -1.15 2.25) (end 3.7 2.25) (layer F.CrtYd) (width 0.05))
    (fp_line (start -1.15 -2.25) (end -1.15 2.25) (layer F.CrtYd) (width 0.05))
    (fp_line (start -0.29 1.08) (end -0.29 1.236) (layer F.SilkS) (width 0.12))
    (fp_line (start -0.29 -1.236) (end -0.29 -1.08) (layer F.SilkS) (width 0.12))
    (fp_line (start -0.23 -1.16619) (end -0.23 1.16619) (layer F.Fab) (width 0.1))
    (fp_circle (center 1.27 0) (end 2.77 0) (layer F.Fab) (width 0.1))
    (fp_arc (start 1.27 0) (end 0.229039 1.08) (angle -87.9) (layer F.SilkS) (width 0.12))
    (fp_arc (start 1.27 0) (end 0.229039 -1.08) (angle 87.9) (layer F.SilkS) (width 0.12))
    (fp_arc (start 1.27 0) (end -0.29 1.235516) (angle -108.8) (layer F.SilkS) (width 0.12))
    (fp_arc (start 1.27 0) (end -0.29 -1.235516) (angle 108.8) (layer F.SilkS) (width 0.12))
    (fp_arc (start 1.27 0) (end -0.23 -1.16619) (angle 284.3) (layer F.Fab) (width 0.1))
    (pad 2 thru_hole circle (at 2.54 0 90) (size 1.8 1.8) (drill 0.9) (layers *.Cu *.Mask)
      (net 13 /ram_out2))
    (pad 1 thru_hole rect (at 0 0 90) (size 1.8 1.8) (drill 0.9) (layers *.Cu *.Mask)
      (net 14 "Net-(D16-Pad1)"))
    (model ${KISYS3DMOD}/LED_THT.3dshapes/LED_D3.0mm.wrl
      (at (xyz 0 0 0))
      (scale (xyz 1 1 1))
      (rotate (xyz 0 0 0))
    )
  )

  (module LED_THT:LED_D3.0mm (layer F.Cu) (tedit 587A3A7B) (tstamp 60101790)
    (at 183.4 79.65 90)
    (descr "LED, diameter 3.0mm, 2 pins")
    (tags "LED diameter 3.0mm 2 pins")
    (path /607B3596)
    (fp_text reference D17 (at 1.5 -2.9 90) (layer F.Fab)
      (effects (font (size 1 1) (thickness 0.15)))
    )
    (fp_text value ram_out1 (at 1.5 2.6 90) (layer F.SilkS)
      (effects (font (size 1 1) (thickness 0.15)))
    )
    (fp_arc (start 1.27 0) (end -0.23 -1.16619) (angle 284.3) (layer F.Fab) (width 0.1))
    (fp_arc (start 1.27 0) (end -0.29 -1.235516) (angle 108.8) (layer F.SilkS) (width 0.12))
    (fp_arc (start 1.27 0) (end -0.29 1.235516) (angle -108.8) (layer F.SilkS) (width 0.12))
    (fp_arc (start 1.27 0) (end 0.229039 -1.08) (angle 87.9) (layer F.SilkS) (width 0.12))
    (fp_arc (start 1.27 0) (end 0.229039 1.08) (angle -87.9) (layer F.SilkS) (width 0.12))
    (fp_circle (center 1.27 0) (end 2.77 0) (layer F.Fab) (width 0.1))
    (fp_line (start -0.23 -1.16619) (end -0.23 1.16619) (layer F.Fab) (width 0.1))
    (fp_line (start -0.29 -1.236) (end -0.29 -1.08) (layer F.SilkS) (width 0.12))
    (fp_line (start -0.29 1.08) (end -0.29 1.236) (layer F.SilkS) (width 0.12))
    (fp_line (start -1.15 -2.25) (end -1.15 2.25) (layer F.CrtYd) (width 0.05))
    (fp_line (start -1.15 2.25) (end 3.7 2.25) (layer F.CrtYd) (width 0.05))
    (fp_line (start 3.7 2.25) (end 3.7 -2.25) (layer F.CrtYd) (width 0.05))
    (fp_line (start 3.7 -2.25) (end -1.15 -2.25) (layer F.CrtYd) (width 0.05))
    (pad 1 thru_hole rect (at 0 0 90) (size 1.8 1.8) (drill 0.9) (layers *.Cu *.Mask)
      (net 15 "Net-(D17-Pad1)"))
    (pad 2 thru_hole circle (at 2.54 0 90) (size 1.8 1.8) (drill 0.9) (layers *.Cu *.Mask)
      (net 16 /ram_out1))
    (model ${KISYS3DMOD}/LED_THT.3dshapes/LED_D3.0mm.wrl
      (at (xyz 0 0 0))
      (scale (xyz 1 1 1))
      (rotate (xyz 0 0 0))
    )
  )

  (module LED_THT:LED_D3.0mm (layer F.Cu) (tedit 587A3A7B) (tstamp 601017A3)
    (at 183.4 74.65 90)
    (descr "LED, diameter 3.0mm, 2 pins")
    (tags "LED diameter 3.0mm 2 pins")
    (path /607B359C)
    (fp_text reference D18 (at 1.25 2.95 90) (layer F.Fab)
      (effects (font (size 1 1) (thickness 0.15)))
    )
    (fp_text value ram_out0 (at 2 -3 90) (layer F.SilkS)
      (effects (font (size 1 1) (thickness 0.15)))
    )
    (fp_line (start 3.7 -2.25) (end -1.15 -2.25) (layer F.CrtYd) (width 0.05))
    (fp_line (start 3.7 2.25) (end 3.7 -2.25) (layer F.CrtYd) (width 0.05))
    (fp_line (start -1.15 2.25) (end 3.7 2.25) (layer F.CrtYd) (width 0.05))
    (fp_line (start -1.15 -2.25) (end -1.15 2.25) (layer F.CrtYd) (width 0.05))
    (fp_line (start -0.29 1.08) (end -0.29 1.236) (layer F.SilkS) (width 0.12))
    (fp_line (start -0.29 -1.236) (end -0.29 -1.08) (layer F.SilkS) (width 0.12))
    (fp_line (start -0.23 -1.16619) (end -0.23 1.16619) (layer F.Fab) (width 0.1))
    (fp_circle (center 1.27 0) (end 2.77 0) (layer F.Fab) (width 0.1))
    (fp_arc (start 1.27 0) (end 0.229039 1.08) (angle -87.9) (layer F.SilkS) (width 0.12))
    (fp_arc (start 1.27 0) (end 0.229039 -1.08) (angle 87.9) (layer F.SilkS) (width 0.12))
    (fp_arc (start 1.27 0) (end -0.29 1.235516) (angle -108.8) (layer F.SilkS) (width 0.12))
    (fp_arc (start 1.27 0) (end -0.29 -1.235516) (angle 108.8) (layer F.SilkS) (width 0.12))
    (fp_arc (start 1.27 0) (end -0.23 -1.16619) (angle 284.3) (layer F.Fab) (width 0.1))
    (pad 2 thru_hole circle (at 2.54 0 90) (size 1.8 1.8) (drill 0.9) (layers *.Cu *.Mask)
      (net 17 /ram_out0))
    (pad 1 thru_hole rect (at 0 0 90) (size 1.8 1.8) (drill 0.9) (layers *.Cu *.Mask)
      (net 18 "Net-(D18-Pad1)"))
    (model ${KISYS3DMOD}/LED_THT.3dshapes/LED_D3.0mm.wrl
      (at (xyz 0 0 0))
      (scale (xyz 1 1 1))
      (rotate (xyz 0 0 0))
    )
  )

  (module Connector_PinSocket_2.00mm:PinSocket_1x03_P2.00mm_Vertical (layer F.Cu) (tedit 5A19A42B) (tstamp 60104496)
    (at 91.4 94.65 180)
    (descr "Through hole straight socket strip, 1x03, 2.00mm pitch, single row (from Kicad 4.0.7), script generated")
    (tags "Through hole socket strip THT 1x03 2.00mm single row")
    (path /603E0727)
    (fp_text reference J12 (at 2.05 0 90) (layer F.SilkS)
      (effects (font (size 1 1) (thickness 0.15)))
    )
    (fp_text value POWER (at -2.3 1.45 90) (layer F.SilkS)
      (effects (font (size 1 1) (thickness 0.15)))
    )
    (fp_line (start -1 -1) (end 0.5 -1) (layer F.Fab) (width 0.1))
    (fp_line (start 0.5 -1) (end 1 -0.5) (layer F.Fab) (width 0.1))
    (fp_line (start 1 -0.5) (end 1 5) (layer F.Fab) (width 0.1))
    (fp_line (start 1 5) (end -1 5) (layer F.Fab) (width 0.1))
    (fp_line (start -1 5) (end -1 -1) (layer F.Fab) (width 0.1))
    (fp_line (start -1.06 1) (end 1.06 1) (layer F.SilkS) (width 0.12))
    (fp_line (start -1.06 1) (end -1.06 5.06) (layer F.SilkS) (width 0.12))
    (fp_line (start -1.06 5.06) (end 1.06 5.06) (layer F.SilkS) (width 0.12))
    (fp_line (start 1.06 1) (end 1.06 5.06) (layer F.SilkS) (width 0.12))
    (fp_line (start 1.06 -1.06) (end 1.06 0) (layer F.SilkS) (width 0.12))
    (fp_line (start 0 -1.06) (end 1.06 -1.06) (layer F.SilkS) (width 0.12))
    (fp_line (start -1.5 -1.5) (end 1.5 -1.5) (layer F.CrtYd) (width 0.05))
    (fp_line (start 1.5 -1.5) (end 1.5 5.5) (layer F.CrtYd) (width 0.05))
    (fp_line (start 1.5 5.5) (end -1.5 5.5) (layer F.CrtYd) (width 0.05))
    (fp_line (start -1.5 5.5) (end -1.5 -1.5) (layer F.CrtYd) (width 0.05))
    (fp_text user %R (at 0 2 90) (layer F.Fab)
      (effects (font (size 1 1) (thickness 0.15)))
    )
    (pad 1 thru_hole rect (at 0 0 180) (size 1.35 1.35) (drill 0.8) (layers *.Cu *.Mask)
      (net 1 +5V))
    (pad 2 thru_hole oval (at 0 2 180) (size 1.35 1.35) (drill 0.8) (layers *.Cu *.Mask)
      (net 2 GND))
    (pad 3 thru_hole oval (at 0 4 180) (size 1.35 1.35) (drill 0.8) (layers *.Cu *.Mask)
      (net 1 +5V))
    (model ${KISYS3DMOD}/Connector_PinSocket_2.00mm.3dshapes/PinSocket_1x03_P2.00mm_Vertical.wrl
      (at (xyz 0 0 0))
      (scale (xyz 1 1 1))
      (rotate (xyz 0 0 0))
    )
  )

  (module Connector_PinSocket_2.00mm:PinSocket_1x03_P2.00mm_Vertical (layer F.Cu) (tedit 5A19A42B) (tstamp 60104009)
    (at 91.4 87.65 180)
    (descr "Through hole straight socket strip, 1x03, 2.00mm pitch, single row (from Kicad 4.0.7), script generated")
    (tags "Through hole socket strip THT 1x03 2.00mm single row")
    (path /603E073D)
    (fp_text reference J13 (at 2.25 0 90) (layer F.SilkS)
      (effects (font (size 1 1) (thickness 0.15)))
    )
    (fp_text value CONTROL (at -2.35 2.2 90) (layer F.SilkS)
      (effects (font (size 1 1) (thickness 0.15)))
    )
    (fp_text user %R (at 0 2 90) (layer F.Fab)
      (effects (font (size 1 1) (thickness 0.15)))
    )
    (fp_line (start -1.5 5.5) (end -1.5 -1.5) (layer F.CrtYd) (width 0.05))
